96,0.042952872812747955
92,0.050544217228889465
582,1.2922313213348389
557,1.3717972040176392
537,1.3846958875656128
759,2.016449213027954
296,2.681391477584839
292,2.7022058963775635
762,2.703768491744995
271,2.7232723236083984
329,2.7306363582611084
336,2.751938581466675
223,2.7542202472686768
332,2.7684993743896484
268,2.7700634002685547
717,2.7703027725219727
593,2.7717161178588867
353,2.7822933197021484
591,2.78401780128479
357,2.785712242126465
350,2.7939417362213135
318,2.7949042320251465
343,2.7957496643066406
339,2.7961020469665527
360,2.7961761951446533
346,2.8015666007995605
304,2.803490400314331
322,2.8054213523864746
168,2.8137853145599365
315,2.8140902519226074
172,2.816716194152832
530,2.8194761276245117
511,2.8217320442199707
539,2.822798013687134
401,2.8252956867218018
503,2.8253371715545654
364,2.8285770416259766
229,2.828579902648926
392,2.829570770263672
597,2.8346638679504395
545,2.8389906883239746
233,2.839923858642578
236,2.841043472290039
558,2.841050148010254
395,2.8412959575653076
507,2.844449520111084
586,2.844773769378662
515,2.844803810119629
510,2.8459601402282715
440,2.8514976501464844
456,2.8516767024993896
583,2.8521482944488525
182,2.852449655532837
433,2.8554913997650146
490,2.8559811115264893
426,2.8573858737945557
325,2.859354019165039
560,2.8596057891845703
215,2.8603005409240723
436,2.8610291481018066
186,2.8616693019866943
261,2.8631820678710938
463,2.8646488189697266
422,2.8672678470611572
226,2.867781639099121
179,2.8679211139678955
523,2.8693723678588867
387,2.8698878288269043
481,2.8712868690490723
429,2.8714568614959717
467,2.8719491958618164
264,2.872523307800293
587,2.8734681606292725
453,2.8748373985290527
219,2.876481533050537
419,2.8774240016937256
546,2.8779985904693604
240,2.878110647201538
175,2.8795623779296875
302,2.879831075668335
565,2.882028341293335
367,2.884634494781494
450,2.8846986293792725
460,2.885150671005249
205,2.8861639499664307
222,2.8862454891204834
189,2.886472463607788
549,2.8915605545043945
371,2.892125129699707
571,2.892887830734253
573,2.8947813510894775
590,2.8960554599761963
380,2.89652419090271
193,2.8969249725341797
596,2.8990941047668457
535,2.900493860244751
394,2.9011430740356445
584,2.901425838470459
574,2.9028594493865967
561,2.903008222579956
559,2.904067039489746
497,2.9041688442230225
529,2.904481887817383
534,2.9063823223114014
477,2.9066789150238037
243,2.9068219661712646
548,2.9075443744659424
391,2.908625364303589
285,2.9094972610473633
542,2.9097371101379395
405,2.912904739379883
289,2.913583755493164
247,2.913956880569458
599,2.9139862060546875
541,2.9151041507720947
250,2.9158570766448975
580,2.91609787940979
201,2.9161577224731445
257,2.9166667461395264
555,2.917140007019043
443,2.917633056640625
577,2.917846441268921
447,2.919213056564331
520,2.924471616744995
212,2.924666166305542
691,2.9257054328918457
208,2.925847053527832
136,2.926330804824829
468,2.926729679107666
570,2.927236557006836
311,2.9276952743530273
564,2.928067684173584
576,2.9289886951446533
157,2.9291417598724365
165,2.9295880794525146
202,2.929713726043701
444,2.929995059967041
514,2.9310245513916016
475,2.931434392929077
143,2.932060956954956
579,2.933683156967163
470,2.9347641468048096
308,2.93544602394104
254,2.935758590698242
508,2.9367904663085938
409,2.936985492706299
611,2.9369866847991943
196,2.9406702518463135
552,2.9424023628234863
603,2.9441380500793457
488,2.9443564414978027
461,2.9487624168395996
378,2.9502105712890625
430,2.951545476913452
448,2.9521546363830566
423,2.9557266235351562
532,2.9558022022247314
374,2.958785057067871
187,2.9588589668273926
487,2.9613900184631348
176,2.96327543258667
698,2.9654340744018555
377,2.9659781455993652
491,2.966522455215454
527,2.9676012992858887
606,2.967838764190674
93,2.9684250354766846
248,2.973865509033203
169,2.9739012718200684
474,2.9743993282318115
495,2.974698066711426
408,2.977741003036499
173,2.9780497550964355
704,2.9789834022521973
613,2.979404926300049
524,2.9797582626342773
113,2.9798333644866943
494,2.9845738410949707
500,2.9860575199127197
482,2.9864730834960938
554,2.987920045852661
485,2.988131046295166
538,2.9912326335906982
600,2.992955207824707
244,2.993035078048706
206,2.9936254024505615
567,2.994368076324463
484,2.994778633117676
255,2.9959959983825684
130,2.9970738887786865
384,2.9972310066223145
412,2.9982192516326904
166,2.9984140396118164
724,2.9987711906433105
358,2.9995737075805664
213,3.001636505126953
614,3.0021355152130127
290,3.002157688140869
398,3.002614736557007
526,3.0028903484344482
551,3.0029263496398926
316,3.004586696624756
607,3.0049030780792236
402,3.0054996013641357
617,3.006676435470581
183,3.007197380065918
684,3.007329225540161
194,3.009552001953125
309,3.010486364364624
415,3.012225866317749
478,3.012437582015991
162,3.0130507946014404
190,3.013231039047241
180,3.013286590576172
711,3.0146992206573486
604,3.016038179397583
199,3.020285129547119
129,3.020861864089966
504,3.0223872661590576
220,3.022624969482422
258,3.0229709148406982
237,3.024425983428955
958,3.0283477306365967
434,3.03009295463562
312,3.0302391052246094
126,3.0310306549072266
241,3.0318994522094727
464,3.0327370166778564
216,3.0329086780548096
625,3.033036470413208
227,3.033303737640381
677,3.0340144634246826
330,3.035325288772583
152,3.0362937450408936
337,3.040048122406006
498,3.0407235622406006
354,3.0415515899658203
265,3.042050361633301
262,3.04441237449646
319,3.045342206954956
406,3.046400785446167
122,3.0467348098754883
663,3.047166347503662
340,3.04762601852417
279,3.049570322036743
275,3.051614284515381
642,3.0516276359558105
351,3.0535898208618164
326,3.054185628890991
251,3.0547568798065186
278,3.055058717727661
234,3.0561439990997314
349,3.0562326908111572
116,3.0572354793548584
344,3.057291269302368
305,3.057631254196167
150,3.057927131652832
307,3.058605432510376
361,3.0587258338928223
365,3.0588619709014893
161,3.0595319271087646
399,3.0597286224365234
158,3.0601258277893066
363,3.0603115558624268
388,3.0604894161224365
993,3.0621800422668457
471,3.0623319149017334
297,3.063406229019165
454,3.064121723175049
954,3.064919948577881
965,3.0650265216827393
968,3.0652854442596436
695,3.066070079803467
303,3.066969633102417
347,3.067153215408325
620,3.0678722858428955
333,3.0686891078948975
457,3.068960666656494
427,3.069411516189575
288,3.069472074508667
437,3.0699353218078613
517,3.071396589279175
132,3.072329521179199
209,3.072803258895874
286,3.0729007720947266
381,3.076184034347534
995,3.0784008502960205
989,3.078742504119873
198,3.078890323638916
293,3.0791828632354736
610,3.079601526260376
314,3.0815913677215576
947,3.081965208053589
951,3.082428455352783
624,3.0834436416625977
446,3.08412504196167
274,3.084275960922241
368,3.084332227706909
566,3.085146903991699
301,3.0862481594085693
416,3.0864617824554443
553,3.0879201889038086
618,3.0884134769439697
633,3.0893638134002686
135,3.089876890182495
155,3.0899438858032227
269,3.0904295444488525
654,3.0934081077575684
154,3.0936660766601562
660,3.0941755771636963
281,3.0952091217041016
276,3.0952253341674805
335,3.095346212387085
178,3.0969090461730957
581,3.0981788635253906
948,3.098454475402832
413,3.099674940109253
420,3.0997674465179443
283,3.100891351699829
163,3.101466655731201
159,3.1015098094940186
120,3.102482795715332
621,3.104224443435669
356,3.104374408721924
636,3.1044046878814697
385,3.1049230098724365
961,3.1049392223358154
145,3.106337308883667
376,3.1066813468933105
979,3.1100149154663086
594,3.110215187072754
562,3.111518621444702
441,3.112022638320923
147,3.1120293140411377
272,3.1124067306518555
540,3.112879991531372
975,3.113229751586914
221,3.113375663757324
323,3.113853931427002
197,3.1145615577697754
138,3.1155383586883545
230,3.1156084537506104
941,3.115640878677368
673,3.1162307262420654
144,3.1163101196289062
295,3.1164445877075195
880,3.117950201034546
521,3.118532657623291
733,3.1189584732055664
439,3.1207664012908936
701,3.1212542057037354
972,3.1234054565429688
170,3.1243536472320557
627,3.1247036457061768
146,3.12493896484375
372,3.12611722946167
142,3.1263105869293213
819,3.1274948120117188
568,3.130952835083008
678,3.1318020820617676
185,3.1324124336242676
688,3.132476568222046
195,3.13266658782959
700,3.1330645084381104
536,3.1342668533325195
299,3.137467384338379
769,3.1381261348724365
575,3.138254404067993
628,3.1390950679779053
151,3.1392078399658203
644,3.1407909393310547
942,3.141343116760254
124,3.1416285037994385
681,3.1416571140289307
671,3.1418612003326416
501,3.1428229808807373
181,3.1432223320007324
843,3.1437392234802246
816,3.144110918045044
174,3.144451379776001
404,3.1460158824920654
192,3.1466622352600098
140,3.148358106613159
141,3.148359775543213
167,3.1483864784240723
133,3.149183988571167
177,3.149355888366699
697,3.1501431465148926
884,3.1505348682403564
630,3.1538078784942627
592,3.154264211654663
986,3.1543030738830566
804,3.1545958518981934
473,3.155268430709839
638,3.1553151607513428
635,3.1558773517608643
703,3.1564126014709473
825,3.1565499305725098
516,3.156960964202881
578,3.1573286056518555
107,3.158587694168091
370,3.158989906311035
588,3.160963535308838
634,3.16105318069458
411,3.1629347801208496
435,3.164870262145996
707,3.1649065017700195
616,3.1650266647338867
531,3.165062189102173
466,3.166476249694824
585,3.1680288314819336
692,3.169940710067749
716,3.169996976852417
572,3.1712117195129395
451,3.172700881958008
493,3.1730406284332275
455,3.1731956005096436
328,3.173447370529175
693,3.173630714416504
342,3.1744816303253174
710,3.1752355098724365
685,3.1772263050079346
631,3.177924156188965
480,3.1786184310913086
833,3.1793081760406494
231,3.179931879043579
452,3.180013656616211
282,3.1805806159973145
812,3.1811013221740723
996,3.182415008544922
727,3.1831140518188477
228,3.1835596561431885
632,3.1836369037628174
267,3.1844592094421387
321,3.184638023376465
713,3.1849522590637207
982,3.18774151802063
679,3.1890640258789062
232,3.1891696453094482
191,3.1906204223632812
797,3.1918365955352783
969,3.193227529525757
543,3.193326950073242
188,3.1934401988983154
518,3.196624994277954
999,3.198556661605835
134,3.1987462043762207
218,3.19895601272583
438,3.1993939876556396
641,3.1994051933288574
823,3.1999804973602295
639,3.20099139213562
459,3.202122211456299
397,3.2022202014923096
705,3.203582525253296
667,3.2038753032684326
137,3.2049458026885986
442,3.205266237258911
640,3.2056288719177246
665,3.2062110900878906
224,3.206368923187256
674,3.206510543823242
873,3.2068939208984375
694,3.2072322368621826
983,3.20739483833313
990,3.208510637283325
659,3.20976185798645
204,3.210681438446045
217,3.2107508182525635
690,3.2111475467681885
123,3.212883949279785
877,3.2140328884124756
976,3.2142860889434814
861,3.2147905826568604
766,3.2148828506469727
164,3.215071678161621
619,3.2151215076446533
131,3.215184211730957
830,3.2165725231170654
622,3.217494010925293
858,3.217573881149292
125,3.2176551818847656
668,3.21968936920166
787,3.220548391342163
927,3.220550060272217
683,3.2206969261169434
431,3.2218546867370605
648,3.2220029830932617
645,3.222125768661499
171,3.22235369682312
672,3.2240207195281982
931,3.22430157661438
828,3.224515676498413
253,3.2253365516662598
629,3.225789785385132
924,3.2266273498535156
955,3.226696014404297
835,3.2274932861328125
266,3.227574110031128
184,3.228898525238037
658,3.2294259071350098
127,3.234391927719116
652,3.2363295555114746
655,3.2365293502807617
895,3.238133430480957
499,3.238301992416382
383,3.238433599472046
854,3.2387030124664307
647,3.2401669025421143
913,3.2407925128936768
211,3.2409496307373047
646,3.2412893772125244
418,3.2421321868896484
449,3.2422704696655273
686,3.2432050704956055
469,3.2439992427825928
730,3.24406361579895
608,3.2449913024902344
245,3.2451045513153076
598,3.2452950477600098
862,3.2466468811035156
492,3.246695041656494
626,3.247225522994995
839,3.24763560295105
153,3.2479636669158936
650,3.2498104572296143
790,3.2499070167541504
643,3.2499523162841797
612,3.2506861686706543
893,3.2507762908935547
743,3.2537145614624023
666,3.25394606590271
623,3.2544307708740234
675,3.2548203468322754
708,3.2582244873046875
615,3.2582850456237793
637,3.2590723037719727
496,3.261152982711792
160,3.2620749473571777
425,3.2622694969177246
736,3.262605905532837
831,3.2653985023498535
149,3.265889883041382
669,3.265979528427124
102,3.266451597213745
472,3.266519546508789
214,3.2666258811950684
352,3.267408609390259
432,3.269252061843872
156,3.2707178592681885
682,3.2715513706207275
661,3.271864652633667
657,3.2721753120422363
345,3.272538900375366
780,3.2729151248931885
547,3.2734761238098145
522,3.274897575378418
776,3.275073766708374
421,3.275812864303589
651,3.275949239730835
962,3.2795464992523193
362,3.280900478363037
702,3.281498432159424
324,3.2815845012664795
273,3.281636953353882
556,3.28204083442688
813,3.2837905883789062
417,3.2842767238616943
842,3.2845098972320557
525,3.2853195667266846
489,3.28564715385437
944,3.286240339279175
723,3.287583112716675
689,3.288045883178711
670,3.2889394760131836
755,3.2896153926849365
348,3.2905068397521973
277,3.290734052658081
800,3.2907652854919434
740,3.2911674976348877
327,3.2915797233581543
369,3.292346239089966
479,3.2923543453216553
359,3.292656183242798
373,3.2929508686065674
746,3.293236255645752
320,3.2932889461517334
533,3.2938883304595947
846,3.29410457611084
656,3.2946038246154785
756,3.295295000076294
779,3.2956976890563965
731,3.2969110012054443
609,3.2970309257507324
287,3.297595739364624
706,3.2984230518341064
874,3.298645496368408
773,3.2989895343780518
917,3.299853563308716
249,3.3011021614074707
121,3.3011958599090576
235,3.302412748336792
653,3.3038318157196045
310,3.3041810989379883
355,3.304255485534668
331,3.304584503173828
414,3.3046998977661133
801,3.3048691749572754
938,3.304903268814087
848,3.3049933910369873
852,3.305549144744873
338,3.3067269325256348
720,3.307086944580078
601,3.307776689529419
512,3.3084681034088135
881,3.3087270259857178
462,3.308803081512451
890,3.3110289573669434
602,3.3114359378814697
445,3.3131134510040283
809,3.3135416507720947
300,3.313978433609009
505,3.3142457008361816
826,3.315004348754883
767,3.315659523010254
225,3.3161962032318115
428,3.3167550563812256
366,3.3192641735076904
806,3.320004463195801
849,3.3217785358428955
664,3.3242502212524414
662,3.3254990577697754
403,3.3264458179473877
334,3.3273792266845703
410,3.3279833793640137
605,3.3288156986236572
284,3.3299763202667236
238,3.329988718032837
119,3.3302178382873535
934,3.331665515899658
306,3.3318774700164795
750,3.332193374633789
868,3.3333797454833984
100,3.33382511138916
375,3.3340322971343994
871,3.334059953689575
794,3.3345677852630615
772,3.3347625732421875
886,3.3359899520874023
486,3.3370726108551025
458,3.3382346630096436
908,3.3382785320281982
313,3.3388383388519287
280,3.3406271934509277
379,3.3427188396453857
407,3.343210220336914
914,3.3436124324798584
528,3.344036817550659
680,3.3452847003936768
836,3.3467612266540527
210,3.3477911949157715
317,3.34793758392334
920,3.3484184741973877
867,3.348459005355835
465,3.350325584411621
864,3.3512187004089355
341,3.3514797687530518
649,3.3524463176727295
260,3.354524850845337
111,3.3557796478271484
885,3.355888605117798
90,3.358275890350342
476,3.3589038848876953
820,3.3594586849212646
97,3.3602914810180664
483,3.3607261180877686
901,3.364703416824341
270,3.3669326305389404
902,3.36897349357605
509,3.371457099914551
128,3.3724687099456787
900,3.3753528594970703
424,3.378589391708374
99,3.379532814025879
905,3.3796331882476807
252,3.3808228969573975
737,3.381314277648926
115,3.382843494415283
112,3.3842272758483887
550,3.384948968887329
242,3.386410713195801
687,3.3897650241851807
118,3.390031576156616
291,3.390395402908325
855,3.3999459743499756
200,3.400524377822876
246,3.40159010887146
207,3.4092276096343994
294,3.4095375537872314
382,3.4148097038269043
502,3.415550947189331
109,3.41900897026062
712,3.419891119003296
298,3.4202444553375244
239,3.4257795810699463
108,3.427164316177368
139,3.4274682998657227
114,3.427621364593506
396,3.4288721084594727
203,3.4327335357666016
793,3.4346907138824463
921,3.437575340270996
259,3.4401962757110596
110,3.4426233768463135
86,3.4449212551116943
256,3.4486184120178223
389,3.450338125228882
386,3.4517006874084473
400,3.461481809616089
393,3.4624109268188477
744,3.4672505855560303
763,3.4672958850860596
263,3.4687228202819824
105,3.478180408477783
104,3.4860141277313232
390,3.4869890213012695
676,3.4912545680999756
935,3.4980380535125732
786,3.5014727115631104
88,3.5031557083129883
117,3.504034996032715
106,3.505659818649292
928,3.527344226837158
506,3.5301287174224854
749,3.5347678661346436
783,3.546276807785034
709,3.5478222370147705
95,3.645522356033325
889,3.6624581813812256
722,3.662734270095825
714,3.666965961456299
513,3.6793460845947266
715,3.684940814971924
894,3.7028980255126953
898,3.7034852504730225
13,3.7483747005462646
103,3.7569632530212402
563,3.7799272537231445
544,3.7838478088378906
595,3.7939674854278564
37,3.7943692207336426
50,3.7945449352264404
726,3.802591323852539
47,3.8074049949645996
589,3.812328815460205
27,3.8152081966400146
569,3.8197879791259766
15,3.8208940029144287
101,3.832123279571533
519,3.837876081466675
77,3.8955936431884766
84,3.9194397926330566
81,3.9194493293762207
70,3.9222075939178467
94,3.955254554748535
7,3.95849609375
53,3.961292028427124
73,3.9697887897491455
66,3.9706199169158936
87,3.97371768951416
80,3.9760189056396484
785,3.9774954319000244
91,3.98968768119812
33,3.9991233348846436
782,4.0042548179626465
60,4.014915943145752
9,4.016990661621094
44,4.021243572235107
89,4.023120880126953
30,4.025538444519043
735,4.026167392730713
98,4.030045509338379
21,4.0300493240356445
799,4.030673027038574
24,4.033097267150879
40,4.035763740539551
19,4.039506435394287
946,4.039804458618164
85,4.062352657318115
0,4.062931060791016
83,4.07015323638916
818,4.077013969421387
3,4.087835311889648
729,4.087835311889648
76,4.08933687210083
926,4.093569755554199
739,4.094399929046631
892,4.098922252655029
79,4.101933479309082
72,4.106980800628662
57,4.108309268951416
930,4.11143684387207
11,4.126309394836426
38,4.13047981262207
745,4.130482196807861
940,4.137593746185303
35,4.141219615936279
933,4.141280174255371
803,4.144539833068848
65,4.144715309143066
937,4.148488521575928
31,4.1526947021484375
721,4.153721809387207
78,4.15580940246582
82,4.170763969421387
923,4.1737141609191895
888,4.1741251945495605
29,4.1752190589904785
69,4.177395820617676
879,4.17802619934082
853,4.182769775390625
75,4.186062335968018
910,4.188993453979492
815,4.194635391235352
42,4.197641372680664
919,4.199147701263428
71,4.202301979064941
950,4.203646659851074
876,4.208604335784912
74,4.209462642669678
978,4.214522361755371
63,4.232975482940674
68,4.243491172790527
8,4.244913578033447
45,4.249606609344482
851,4.257201671600342
25,4.257812976837158
748,4.267110824584961
725,4.267351150512695
789,4.267372131347656
805,4.271687984466553
59,4.2771525382995605
754,4.280470848083496
64,4.282313823699951
841,4.284024238586426
1,4.2919535636901855
17,4.292500972747803
696,4.3041510581970215
28,4.30866813659668
67,4.309680461883545
36,4.310126304626465
62,4.311849117279053
953,4.313321113586426
981,4.316791534423828
26,4.321756839752197
699,4.3224053382873535
883,4.323276519775391
4,4.324462413787842
32,4.327484130859375
48,4.329990863800049
58,4.332193374633789
41,4.332226753234863
960,4.333919525146484
912,4.3463134765625
39,4.351978302001953
16,4.355477333068848
43,4.356683254241943
967,4.357292652130127
974,4.357761383056641
10,4.358249187469482
2,4.359101295471191
14,4.363125801086426
994,4.36382532119751
5,4.364077091217041
992,4.371500492095947
988,4.372081279754639
998,4.3730292320251465
6,4.373908042907715
760,4.3763885498046875
761,4.379218578338623
56,4.38154935836792
844,4.387519359588623
751,4.387779235839844
957,4.390239715576172
985,4.39033842086792
796,4.393618583679199
52,4.397789478302002
904,4.399411678314209
23,4.401064872741699
971,4.4017252922058105
768,4.402314186096191
12,4.41847038269043
840,4.418479919433594
845,4.424615383148193
964,4.4289116859436035
49,4.43226957321167
22,4.43934965133667
20,4.442771911621094
18,4.443745136260986
764,4.444446563720703
856,4.453120708465576
834,4.462629318237305
752,4.464440822601318
792,4.468881607055664
810,4.4728312492370605
807,4.475284576416016
832,4.480926513671875
55,4.482728004455566
765,4.484316349029541
46,4.488511085510254
34,4.488844394683838
51,4.491220474243164
872,4.496448516845703
718,4.500741004943848
916,4.500860214233398
829,4.504783630371094
907,4.512880325317383
758,4.516228199005127
728,4.516918659210205
753,4.520534038543701
734,4.528495788574219
822,4.530731678009033
811,4.535287380218506
54,4.542581558227539
61,4.548681735992432
775,4.55742073059082
896,4.558347225189209
939,4.580722808837891
866,4.580817699432373
847,4.584314346313477
732,4.586187362670898
925,4.589006423950195
909,4.591953277587891
963,4.604928016662598
821,4.605971813201904
771,4.615423679351807
742,4.616475582122803
719,4.618884563446045
959,4.620957851409912
875,4.622109889984131
906,4.628633499145508
860,4.632323741912842
918,4.6341776847839355
777,4.6342082023620605
148,4.638154029846191
770,4.642916679382324
808,4.646101951599121
817,4.647337913513184
784,4.651551723480225
897,4.6607136726379395
778,4.663405418395996
863,4.6654863357543945
936,4.666844844818115
824,4.671861171722412
869,4.674566745758057
929,4.675032615661621
788,4.676576137542725
827,4.678854942321777
903,4.681065082550049
798,4.688614845275879
774,4.689288139343262
865,4.695059299468994
870,4.696768283843994
970,4.701255798339844
791,4.701907157897949
899,4.706732273101807
838,4.713071346282959
741,4.713390827178955
943,4.722517013549805
952,4.730463981628418
814,4.732895374298096
795,4.741762161254883
802,4.749090671539307
997,4.7574005126953125
956,4.766305446624756
887,4.772465229034424
781,4.7766242027282715
837,4.786854267120361
915,4.794116020202637
987,4.794461727142334
980,4.795938014984131
857,4.798816204071045
977,4.810854434967041
932,4.862640857696533
945,4.86712646484375
922,4.883206844329834
984,4.897257328033447
850,4.903733730316162
973,4.912674903869629
991,4.918898105621338
966,4.9414191246032715
878,5.0065083503723145
859,5.011017322540283
882,5.064039707183838
911,5.097548961639404
949,5.1341400146484375
891,5.142841815948486
757,5.2514519691467285
747,5.269791126251221
738,5.71128511428833
