0,1.8924342393875122
1,1.7811404466629028
2,1.8264557123184204
3,1.8799986839294434
4,2.0724596977233887
5,1.7676914930343628
6,1.887959599494934
7,1.70356285572052
8,1.9816819429397583
9,1.7340649366378784
10,2.0338358879089355
11,2.165540933609009
12,1.839860200881958
13,2.073422431945801
14,1.9368687868118286
15,2.049377918243408
16,1.9901506900787354
17,2.0738532543182373
18,1.882843017578125
19,1.9084653854370117
20,1.9214894771575928
21,1.924634337425232
22,1.7790948152542114
23,1.9587301015853882
24,1.9077460765838623
25,2.118816375732422
26,2.0161659717559814
27,1.9881162643432617
28,2.0415589809417725
29,2.1623518466949463
30,1.9191956520080566
31,2.2164318561553955
32,1.9038004875183105
33,1.9111965894699097
34,1.8774183988571167
35,2.181058883666992
36,1.9908361434936523
37,1.9427129030227661
38,2.1885557174682617
39,1.9333747625350952
40,1.8816325664520264
41,2.0054378509521484
42,2.160639524459839
43,1.9181596040725708
44,1.9098998308181763
45,2.1574580669403076
46,1.8238227367401123
47,2.0617172718048096
48,2.0081279277801514
49,1.8822928667068481
50,2.0012941360473633
51,1.6067250967025757
52,1.9239206314086914
53,1.7698349952697754
54,1.6878437995910645
55,1.7306814193725586
56,1.9093608856201172
57,2.0165762901306152
58,1.7759320735931396
59,1.9707870483398438
60,1.8255854845046997
61,1.7253979444503784
62,1.8116904497146606
63,1.9764504432678223
64,1.8122048377990723
65,1.938032865524292
66,1.885386347770691
67,2.0497469902038574
68,1.8112541437149048
69,1.9165822267532349
70,1.9651390314102173
71,1.8055139780044556
72,1.9098222255706787
73,1.8813362121582031
74,2.141072988510132
75,1.84223210811615
76,1.8615728616714478
77,1.967415452003479
78,1.472303867340088
79,1.8251029253005981
80,1.8089816570281982
81,1.968531847000122
82,1.4613450765609741
83,1.7186863422393799
84,1.9405955076217651
85,1.5653574466705322
86,1.738551139831543
87,1.8847966194152832
88,2.2341148853302
89,1.556408405303955
90,1.8021845817565918
91,1.9132466316223145
92,3.392423629760742
93,2.8197054862976074
94,2.054946184158325
95,2.167288064956665
96,3.3962197303771973
97,1.966989278793335
98,1.8869026899337769
99,1.8726269006729126
100,1.9726159572601318
101,1.8274588584899902
102,1.9400062561035156
103,2.188908576965332
104,1.8936904668807983
105,2.0931828022003174
106,1.970820665359497
107,1.9646306037902832
108,2.0897653102874756
109,1.9674769639968872
110,1.884610891342163
111,2.096869707107544
112,1.9751328229904175
113,1.8392566442489624
114,1.9790527820587158
115,1.9916499853134155
116,1.9670307636260986
117,2.157625675201416
118,2.0306236743927
119,1.932721495628357
120,2.018120288848877
121,1.8142645359039307
122,1.713277816772461
123,2.103853940963745
124,1.725569486618042
125,1.9660470485687256
126,1.8691868782043457
127,1.8192451000213623
128,1.8245257139205933
129,1.8637213706970215
130,2.150576591491699
131,1.8264974355697632
132,1.8129087686538696
133,1.9562777280807495
134,1.923019289970398
135,1.5034090280532837
136,2.186302661895752
137,1.8621782064437866
138,2.107663631439209
139,1.921135663986206
140,1.954798698425293
141,1.7710793018341064
142,1.9823294878005981
143,2.1635303497314453
144,1.9829401969909668
145,1.83603036403656
146,2.0138349533081055
147,1.992982268333435
148,0.6487777829170227
149,1.8088414669036865
150,2.089934825897217
151,1.914953351020813
152,2.3049874305725098
153,1.7932530641555786
154,2.024742841720581
155,2.2639739513397217
156,1.8262921571731567
157,2.2343006134033203
158,2.095766544342041
159,2.2763476371765137
160,1.8419568538665771
161,2.154872179031372
162,2.2868595123291016
163,2.045470714569092
164,1.8951160907745361
165,2.3481523990631104
166,2.2915446758270264
167,2.0438601970672607
168,2.2846744060516357
169,2.255265235900879
170,2.0007150173187256
171,1.8398245573043823
172,2.7155051231384277
173,2.2736246585845947
174,2.014678478240967
175,2.4897632598876953
176,2.418677806854248
177,2.04925274848938
178,2.110351324081421
179,2.464024782180786
180,2.4053332805633545
181,1.9822661876678467
182,2.590289354324341
183,2.4245660305023193
184,1.9020627737045288
185,2.0198798179626465
186,2.6734113693237305
187,2.329488754272461
188,1.9485461711883545
189,2.5796284675598145
190,2.3795299530029297
191,1.8976783752441406
192,2.0100414752960205
193,2.6368184089660645
194,2.328188896179199
195,1.9440150260925293
196,2.3866171836853027
197,2.0707759857177734
198,2.0763118267059326
199,2.2041139602661133
200,2.009038209915161
201,2.607041358947754
202,2.1826930046081543
203,1.8539316654205322
204,1.9924124479293823
205,2.641507148742676
206,2.228726863861084
207,1.7325869798660278
208,2.668161153793335
209,2.344839334487915
210,1.6249637603759766
211,2.0107152462005615
212,2.638654947280884
213,2.2104146480560303
214,1.5950275659561157
215,2.6228103637695312
216,2.210646152496338
217,1.576977014541626
218,2.0193288326263428
219,2.593975305557251
220,2.2176856994628906
221,1.7761099338531494
222,2.6225907802581787
223,2.4956488609313965
224,2.029867172241211
225,1.9628922939300537
226,2.5623281002044678
227,2.46937894821167
228,1.9613395929336548
229,2.495394706726074
230,2.3425936698913574
231,1.7900093793869019
232,2.125920057296753
233,2.5469346046447754
234,2.377194404602051
235,1.7461159229278564
236,2.5543203353881836
237,2.3968074321746826
238,1.7920876741409302
239,2.016218662261963
240,2.545637845993042
241,2.4428584575653076
242,1.872696876525879
243,2.613327980041504
244,2.486739158630371
245,1.8661668300628662
246,2.087451219558716
247,2.632613182067871
248,2.445805549621582
249,1.9079532623291016
250,2.6390764713287354
251,2.3007705211639404
252,1.7924805879592896
253,1.9456483125686646
254,2.6285605430603027
255,2.4269256591796875
256,1.7366623878479004
257,2.6644175052642822
258,2.3956661224365234
259,1.719946026802063
260,1.879377007484436
261,2.5505611896514893
262,2.2496120929718018
263,1.7636592388153076
264,2.5359256267547607
265,2.566673517227173
266,1.7903172969818115
267,2.0551767349243164
268,2.7589662075042725
269,2.3788702487945557
270,1.7653793096542358
271,2.761082887649536
272,2.3436031341552734
273,1.8091174364089966
274,1.9183863401412964
275,2.5514984130859375
276,2.4161951541900635
277,1.8229230642318726
278,2.628084897994995
279,2.488456964492798
280,1.7983449697494507
281,1.9602549076080322
282,2.6695964336395264
283,2.4628896713256836
284,1.7528321743011475
285,2.524515151977539
286,2.40621018409729
287,1.8041081428527832
288,1.8912354707717896
289,2.625317335128784
290,2.539146900177002
291,1.7231563329696655
292,2.353525161743164
293,2.4540536403656006
294,1.8095005750656128
295,1.965296983718872
296,2.3165228366851807
297,2.449286460876465
298,1.7296028137207031
299,2.4076321125030518
300,1.8959728479385376
301,1.9475098848342896
302,2.582643985748291
303,2.435096263885498
304,2.5292131900787354
305,2.3917839527130127
306,1.9131438732147217
307,1.9835537672042847
308,2.2554616928100586
309,2.4857869148254395
310,1.805869221687317
311,2.247270345687866
312,2.434856414794922
313,1.8865220546722412
314,1.9988709688186646
315,2.4481239318847656
316,2.4339940547943115
317,1.902998685836792
318,2.4510955810546875
319,2.4285168647766113
320,1.8274630308151245
321,2.169678211212158
322,2.469902276992798
323,2.384481191635132
324,1.8427573442459106
325,2.5405328273773193
326,2.415168285369873
327,1.8550342321395874
328,1.9988542795181274
329,2.4277894496917725
330,2.4149417877197266
331,1.9116923809051514
332,2.417506694793701
333,2.378754138946533
334,1.8682096004486084
335,1.93251633644104
336,2.399972677230835
337,2.488363027572632
338,1.776176929473877
339,2.4320638179779053
340,2.4087002277374268
341,1.7782691717147827
342,1.9928128719329834
343,2.491272449493408
344,2.423434019088745
345,1.8598356246948242
346,2.4376142024993896
347,2.4070687294006348
348,1.889238715171814
349,1.9413918256759644
350,2.4303884506225586
351,2.443199634552002
352,1.8224035501480103
353,2.4479329586029053
354,2.3943943977355957
355,1.8727622032165527
356,1.8870062828063965
357,2.411057710647583
358,2.358529567718506
359,1.8937963247299194
360,2.456252098083496
361,2.4231374263763428
362,1.8730820417404175
363,1.9219497442245483
364,2.510188579559326
365,2.362809658050537
366,1.8922017812728882
367,2.6147193908691406
368,2.396005392074585
369,1.8601405620574951
370,2.167081356048584
371,2.610849618911743
372,2.3595404624938965
373,1.8222135305404663
374,2.54852032661438
375,1.9088953733444214
376,1.9521536827087402
377,2.445934772491455
378,2.5431594848632812
379,1.8956294059753418
380,2.586465835571289
381,2.352346897125244
382,1.7559106349945068
383,2.0222644805908203
384,2.401017904281616
385,2.3654656410217285
386,1.7004412412643433
387,2.578456401824951
388,2.5007147789001465
389,1.8290728330612183
390,1.6250653266906738
391,2.5313937664031982
392,2.522233009338379
393,1.8656699657440186
394,2.473625659942627
395,2.47584867477417
396,2.041811227798462
397,1.9022537469863892
398,2.3737258911132812
399,2.3052003383636475
400,2.0026984214782715
401,2.542950391769409
402,2.282280445098877
403,1.7731565237045288
404,2.071016550064087
405,2.50003719329834
406,2.2632622718811035
407,1.8273818492889404
408,2.4382078647613525
409,2.3108773231506348
410,1.8419747352600098
411,2.0744385719299316
412,2.466414213180542
413,2.0406041145324707
414,1.828080415725708
415,2.454878568649292
416,2.0824060440063477
417,1.902598261833191
418,1.9956637620925903
419,2.6296982765197754
420,2.1500046253204346
421,1.995573878288269
422,2.6959426403045654
423,2.4783740043640137
424,2.0392746925354004
425,2.243809223175049
426,2.6143810749053955
427,2.322591781616211
428,1.941736102104187
429,2.6282734870910645
430,2.300865650177002
431,2.0484094619750977
432,2.3375344276428223
433,2.6074821949005127
434,2.28641414642334
435,1.9808995723724365
436,2.617126226425171
437,2.296353816986084
438,1.9585509300231934
439,2.0999066829681396
440,2.644444704055786
441,2.1305744647979736
442,1.9708524942398071
443,2.5640056133270264
444,2.422309160232544
445,1.863025426864624
446,2.0418314933776855
447,2.5566444396972656
448,2.399299383163452
449,1.8426438570022583
450,2.617177724838257
451,1.9366165399551392
452,2.1137750148773193
453,2.607680559158325
454,2.188689708709717
455,1.876466155052185
456,2.571791648864746
457,2.21754789352417
458,1.7738277912139893
459,2.0853497982025146
460,2.5146360397338867
461,2.326904773712158
462,1.8101907968521118
463,2.5893301963806152
464,2.2116751670837402
465,1.745788335800171
466,2.168184995651245
467,2.53657603263855
468,2.413501024246216
469,1.8749760389328003
470,2.5570666790008545
471,2.189171075820923
472,1.9039301872253418
473,2.0871493816375732
474,2.4399092197418213
475,2.384939193725586
476,1.7418994903564453
477,2.5389442443847656
478,2.2928967475891113
479,1.8244373798370361
480,2.1229233741760254
481,2.6335794925689697
482,2.2982563972473145
483,1.7029999494552612
484,2.469151258468628
485,2.294924259185791
486,1.7211607694625854
487,2.4483847618103027
488,2.3853728771209717
489,1.7841130495071411
490,2.6107168197631836
491,2.359555244445801
492,1.817141056060791
493,2.0913760662078857
494,2.4449172019958496
495,2.4239001274108887
496,1.815627932548523
497,2.534726142883301
498,2.3074331283569336
499,2.1058552265167236
500,2.4356086254119873
501,2.2591984272003174
502,1.870086669921875
503,2.589097023010254
504,2.435096263885498
505,2.0438668727874756
506,1.5864461660385132
507,2.5945684909820557
508,2.3794057369232178
509,1.8012135028839111
510,2.618809223175049
511,2.5620338916778564
512,1.9007892608642578
513,1.5116925239562988
514,2.532956600189209
515,2.545748710632324
516,2.0391955375671387
517,2.4020419120788574
518,2.15081524848938
519,2.2381818294525146
520,2.5081350803375244
521,2.345360279083252
522,1.810475468635559
523,2.5706076622009277
524,2.472862720489502
525,1.8278976678848267
526,2.446608304977417
527,2.476353406906128
528,1.7458890676498413
529,2.5099377632141113
530,2.5056772232055664
531,1.9952315092086792
532,2.366422653198242
533,1.7476646900177002
534,2.5127124786376953
535,2.456483840942383
536,2.068385601043701
537,0.5722655653953552
538,2.449406147003174
539,2.608083724975586
540,2.057089328765869
541,2.519721746444702
542,2.5115954875946045
543,2.2175490856170654
544,0.8049115538597107
545,2.6082592010498047
546,2.4581942558288574
547,1.8136062622070312
548,2.5121641159057617
549,2.4117283821105957
550,1.6542952060699463
551,2.4393630027770996
552,2.3675198554992676
553,1.5253745317459106
554,2.4435038566589355
555,2.385502815246582
556,1.5583875179290771
557,0.6110789179801941
558,2.634803295135498
559,2.433852195739746
560,2.630793809890747
561,2.3963887691497803
562,2.019981861114502
563,0.7836218476295471
564,2.541635751724243
565,2.4114644527435303
566,2.034057855606079
567,2.4295835494995117
568,2.3662452697753906
569,0.8006136417388916
570,2.5396339893341064
571,2.451688766479492
572,2.359315872192383
573,2.5924172401428223
574,2.4227371215820312
575,2.023455858230591
576,2.5162007808685303
577,2.417116165161133
578,2.0289254188537598
579,2.57146954536438
580,2.400939464569092
581,2.0314064025878906
582,0.5988608002662659
583,2.6339895725250244
584,2.4629828929901123
585,2.011707305908203
586,2.626924991607666
587,2.4137251377105713
588,1.9526877403259277
589,0.7863695621490479
590,2.593463659286499
591,2.5930564403533936
592,2.070960760116577
593,2.5119121074676514
594,2.0656843185424805
595,0.8199386596679688
596,2.57317852973938
597,2.4373159408569336
598,1.8385556936264038
599,2.606409788131714
600,2.492353916168213
601,1.778949499130249
602,1.823361873626709
603,2.5732004642486572
604,2.4602956771850586
605,1.7709101438522339
606,2.5803017616271973
607,2.735508918762207
608,1.8252201080322266
609,1.90807044506073
610,2.5019452571868896
611,2.3404862880706787
612,1.8103047609329224
613,2.2092816829681396
614,2.404097080230713
615,1.9085060358047485
616,1.9062987565994263
617,2.175222635269165
618,2.2794690132141113
619,1.8911821842193604
620,2.1088271141052246
621,2.1581830978393555
622,1.8578636646270752
623,1.8414448499679565
624,2.055537223815918
625,2.106182336807251
626,1.8595556020736694
627,2.0277202129364014
628,2.030971050262451
629,1.8725895881652832
630,1.9533461332321167
631,1.9939632415771484
632,2.095339059829712
633,2.0158984661102295
634,1.9852840900421143
635,1.954020380973816
636,2.052356481552124
637,1.7617008686065674
638,1.950894832611084
639,2.056922674179077
640,1.805995225906372
641,1.956051230430603
642,1.7067536115646362
643,1.8809797763824463
644,2.016090154647827
645,1.9965888261795044
646,1.677693486213684
647,1.8227696418762207
648,2.004257917404175
649,1.950886845588684
650,1.8789170980453491
651,1.7746492624282837
652,2.0062310695648193
653,1.938292145729065
654,2.0832858085632324
655,2.0008013248443604
656,2.031296968460083
657,1.8074524402618408
658,1.9878209829330444
659,2.0722408294677734
660,2.1081905364990234
661,1.8890830278396606
662,1.8936761617660522
663,2.1418120861053467
664,1.753292441368103
665,1.9869695901870728
666,1.9693379402160645
667,1.9306350946426392
668,2.0483686923980713
669,2.0144429206848145
670,1.872575283050537
671,2.0514976978302
672,2.050581932067871
673,1.96835196018219
674,1.9306676387786865
675,1.9934905767440796
676,2.0743589401245117
677,1.8398182392120361
678,2.016587972640991
679,2.0607664585113525
680,1.9565260410308838
681,2.022721529006958
682,1.886971354484558
683,1.9377360343933105
684,1.5917284488677979
685,1.8578673601150513
686,1.8630164861679077
687,2.0120913982391357
688,1.7972772121429443
689,1.7587600946426392
690,2.174086332321167
691,1.6687440872192383
692,1.6125622987747192
693,1.7823808193206787
694,1.966379165649414
695,1.6573837995529175
696,1.6276369094848633
697,1.8083082437515259
698,1.7824335098266602
699,1.5714523792266846
700,1.7693294286727905
701,1.5498417615890503
702,1.4987335205078125
703,1.6580616235733032
704,1.7388263940811157
705,1.5131726264953613
706,1.501675009727478
707,1.6725468635559082
708,1.424609661102295
709,1.1755369901657104
710,1.6947046518325806
711,1.681336760520935
712,1.463585615158081
713,1.6998491287231445
714,1.400693416595459
715,1.1262397766113281
716,1.6604855060577393
717,1.4527949094772339
718,1.3711752891540527
719,1.5832735300064087
720,1.6544044017791748
721,1.2539384365081787
722,1.2605245113372803
723,1.5275754928588867
724,1.2290507555007935
725,1.1663583517074585
726,1.0011426210403442
727,1.5822453498840332
728,1.108016014099121
729,1.2612134218215942
730,1.7221239805221558
731,1.3993663787841797
732,1.0731892585754395
733,1.7725818157196045
734,1.3319746255874634
735,1.3076326847076416
736,1.1352607011795044
737,1.3666807413101196
738,0.11718834936618805
739,1.1539486646652222
740,1.2140920162200928
741,1.0655332803726196
742,0.8286575078964233
743,1.2398784160614014
744,1.3447511196136475
745,1.3109194040298462
746,1.6059601306915283
747,1.0322774648666382
748,1.0448501110076904
749,1.496873378753662
750,1.513933539390564
751,1.3571730852127075
752,1.1451716423034668
753,1.2877317667007446
754,0.9324841499328613
755,1.7962932586669922
756,1.5338972806930542
757,1.1739355325698853
758,0.7126815319061279
759,1.294985294342041
760,1.3374335765838623
761,1.171653389930725
762,0.8548742532730103
763,1.314260721206665
764,1.3483062982559204
765,1.3876502513885498
766,1.656088948249817
767,1.435620903968811
768,1.3728386163711548
769,1.4883710145950317
770,1.0834201574325562
771,0.6769506931304932
772,1.7836047410964966
773,1.523375391960144
774,1.0212088823318481
775,0.7805721163749695
776,1.7129930257797241
777,0.9936078190803528
778,0.7161757349967957
779,1.7471619844436646
780,1.4612269401550293
781,0.9964044094085693
782,1.438462495803833
783,1.7293727397918701
784,0.9543602466583252
785,1.517291784286499
786,1.7303987741470337
787,1.3405901193618774
788,0.8640915155410767
789,1.108519196510315
790,1.2955832481384277
791,1.0040643215179443
792,0.9032642841339111
793,1.736943006515503
794,1.5776543617248535
795,1.227839469909668
796,0.9278396964073181
797,1.330899953842163
798,1.2086942195892334
799,1.2276753187179565
800,1.7033538818359375
801,1.4759241342544556
802,1.036533236503601
803,1.2194626331329346
804,1.3310214281082153
805,1.0242387056350708
806,1.4370193481445312
807,1.1511653661727905
808,2.3141865730285645
809,1.432442307472229
810,1.1001020669937134
811,2.292635202407837
812,1.2875510454177856
813,1.4172762632369995
814,1.1187251806259155
815,1.0914721488952637
816,1.3418992757797241
817,1.0798434019088745
818,1.463886022567749
819,1.3973814249038696
820,1.3691322803497314
821,1.171243667602539
822,2.351106882095337
823,1.4846259355545044
824,1.2183817625045776
825,1.5504326820373535
826,1.4510793685913086
827,1.1812247037887573
828,1.5226037502288818
829,1.2298401594161987
830,1.5356193780899048
831,1.5122028589248657
832,1.1682169437408447
833,1.5255447626113892
834,1.1460431814193726
835,1.4536888599395752
836,1.3722801208496094
837,1.077190637588501
838,0.9433917999267578
839,1.3539074659347534
840,0.8873270153999329
841,1.146561861038208
842,1.397039532661438
843,1.2726904153823853
844,1.2506167888641357
845,1.1917091608047485
846,1.3920753002166748
847,2.387007713317871
848,1.3703997135162354
849,1.446474552154541
850,0.9885856509208679
851,1.1565601825714111
852,1.338196873664856
853,1.2669888734817505
854,1.2657896280288696
855,1.3635735511779785
856,0.8669452667236328
857,0.5891178250312805
858,1.2623645067214966
859,1.2008095979690552
860,1.0365021228790283
861,1.2342160940170288
862,1.4206256866455078
863,2.4116439819335938
864,1.058074712753296
865,0.9237654805183411
866,0.8995108008384705
867,1.055511236190796
868,1.433288335800171
869,0.9257545471191406
870,0.648852527141571
871,1.007808804512024
872,0.998004674911499
873,1.2397340536117554
874,1.3833333253860474
875,0.905602216720581
876,1.2360631227493286
877,1.1661509275436401
878,0.37811529636383057
879,1.2470526695251465
880,1.360501766204834
881,1.4281491041183472
882,0.30851221084594727
883,1.125515103340149
884,1.3198221921920776
885,1.4331988096237183
886,1.5130224227905273
887,1.2920407056808472
888,1.3413056135177612
889,0.9916563034057617
890,1.4525161981582642
891,0.11225998401641846
892,1.36776602268219
893,0.9633587002754211
894,0.895620584487915
895,1.1205811500549316
896,1.1379164457321167
897,1.8193607330322266
898,0.8986513614654541
899,1.1018787622451782
900,1.2857497930526733
901,1.4688186645507812
902,1.3895219564437866
903,1.0082789659500122
904,1.1434142589569092
905,1.5893325805664062
906,1.1179189682006836
907,0.8994418978691101
908,1.4181504249572754
909,1.2495181560516357
910,1.4954887628555298
911,0.4689125716686249
912,1.1471830606460571
913,1.534443974494934
914,1.4595425128936768
915,1.1490362882614136
916,0.8612577319145203
917,1.429805874824524
918,1.2367568016052246
919,1.0514863729476929
920,1.5285533666610718
921,1.7114893198013306
922,1.1829957962036133
923,1.2763426303863525
924,1.3477329015731812
925,1.2530107498168945
926,0.9266026020050049
927,1.356340765953064
928,1.577812910079956
929,1.2882212400436401
930,1.4058008193969727
931,1.4240672588348389
932,1.3215456008911133
933,1.273209810256958
934,1.4601709842681885
935,1.5417211055755615
936,1.19681715965271
937,1.062861442565918
938,1.4621471166610718
939,1.2609435319900513
940,0.9183858633041382
941,1.0954768657684326
942,1.154356598854065
943,1.3889886140823364
944,1.296811580657959
945,1.2062615156173706
946,0.8799176216125488
947,1.3604862689971924
948,1.2560365200042725
949,1.3436813354492188
950,1.1890825033187866
951,1.364488959312439
952,0.9308034777641296
953,1.37539541721344
954,1.3668638467788696
955,1.2244672775268555
956,1.491698980331421
957,1.3841936588287354
958,1.3000322580337524
959,1.4072332382202148
960,1.40596342086792
961,1.385001301765442
962,1.1264724731445312
963,1.4097497463226318
964,1.3193868398666382
965,1.302667260169983
966,1.1256076097488403
967,1.4040594100952148
968,1.2696267366409302
969,1.145687222480774
970,1.4683008193969727
971,1.3892576694488525
972,1.4123138189315796
973,1.213753342628479
974,1.4256383180618286
975,1.4335695505142212
976,1.246018648147583
977,1.1501716375350952
978,1.1318137645721436
979,1.3918660879135132
980,1.1611815690994263
981,1.4443224668502808
982,1.2112361192703247
983,1.1304126977920532
984,1.1711339950561523
985,1.457565426826477
986,1.1765130758285522
987,1.2956122159957886
988,1.4129900932312012
989,1.1002382040023804
990,1.1156394481658936
991,1.1530661582946777
992,1.4781558513641357
993,1.0790562629699707
994,1.4307395219802856
995,1.0197675228118896
996,1.1020996570587158
997,1.285519003868103
998,1.3821170330047607
999,1.1257659196853638
