891,0.11225998401641846
738,0.11718834936618805
882,0.30851221084594727
878,0.37811529636383057
911,0.4689125716686249
537,0.5722655653953552
857,0.5891178250312805
582,0.5988608002662659
557,0.6110789179801941
148,0.6487777829170227
870,0.648852527141571
771,0.6769506931304932
758,0.7126815319061279
778,0.7161757349967957
775,0.7805721163749695
563,0.7836218476295471
589,0.7863695621490479
569,0.8006136417388916
544,0.8049115538597107
595,0.8199386596679688
742,0.8286575078964233
762,0.8548742532730103
916,0.8612577319145203
788,0.8640915155410767
856,0.8669452667236328
946,0.8799176216125488
840,0.8873270153999329
894,0.895620584487915
898,0.8986513614654541
907,0.8994418978691101
866,0.8995108008384705
792,0.9032642841339111
875,0.905602216720581
940,0.9183858633041382
865,0.9237654805183411
869,0.9257545471191406
926,0.9266026020050049
796,0.9278396964073181
952,0.9308034777641296
754,0.9324841499328613
838,0.9433917999267578
784,0.9543602466583252
893,0.9633587002754211
850,0.9885856509208679
889,0.9916563034057617
777,0.9936078190803528
781,0.9964044094085693
872,0.998004674911499
726,1.0011426210403442
791,1.0040643215179443
871,1.007808804512024
903,1.0082789659500122
995,1.0197675228118896
774,1.0212088823318481
805,1.0242387056350708
747,1.0322774648666382
860,1.0365021228790283
802,1.036533236503601
748,1.0448501110076904
919,1.0514863729476929
867,1.055511236190796
864,1.058074712753296
937,1.062861442565918
741,1.0655332803726196
732,1.0731892585754395
837,1.077190637588501
993,1.0790562629699707
817,1.0798434019088745
770,1.0834201574325562
815,1.0914721488952637
941,1.0954768657684326
810,1.1001020669937134
989,1.1002382040023804
899,1.1018787622451782
996,1.1020996570587158
728,1.108016014099121
789,1.108519196510315
990,1.1156394481658936
906,1.1179189682006836
814,1.1187251806259155
895,1.1205811500549316
883,1.125515103340149
966,1.1256076097488403
999,1.1257659196853638
715,1.1262397766113281
962,1.1264724731445312
983,1.1304126977920532
978,1.1318137645721436
736,1.1352607011795044
896,1.1379164457321167
904,1.1434142589569092
752,1.1451716423034668
969,1.145687222480774
834,1.1460431814193726
841,1.146561861038208
912,1.1471830606460571
915,1.1490362882614136
977,1.1501716375350952
807,1.1511653661727905
991,1.1530661582946777
739,1.1539486646652222
942,1.154356598854065
851,1.1565601825714111
980,1.1611815690994263
877,1.1661509275436401
725,1.1663583517074585
832,1.1682169437408447
984,1.1711339950561523
821,1.171243667602539
761,1.171653389930725
757,1.1739355325698853
709,1.1755369901657104
986,1.1765130758285522
827,1.1812247037887573
922,1.1829957962036133
950,1.1890825033187866
845,1.1917091608047485
936,1.19681715965271
859,1.2008095979690552
945,1.2062615156173706
798,1.2086942195892334
982,1.2112361192703247
973,1.213753342628479
740,1.2140920162200928
824,1.2183817625045776
803,1.2194626331329346
955,1.2244672775268555
799,1.2276753187179565
795,1.227839469909668
724,1.2290507555007935
829,1.2298401594161987
861,1.2342160940170288
876,1.2360631227493286
918,1.2367568016052246
873,1.2397340536117554
743,1.2398784160614014
976,1.246018648147583
879,1.2470526695251465
909,1.2495181560516357
844,1.2506167888641357
925,1.2530107498168945
721,1.2539384365081787
948,1.2560365200042725
722,1.2605245113372803
939,1.2609435319900513
729,1.2612134218215942
858,1.2623645067214966
854,1.2657896280288696
853,1.2669888734817505
968,1.2696267366409302
843,1.2726904153823853
933,1.273209810256958
923,1.2763426303863525
997,1.285519003868103
900,1.2857497930526733
812,1.2875510454177856
753,1.2877317667007446
929,1.2882212400436401
887,1.2920407056808472
759,1.294985294342041
790,1.2955832481384277
987,1.2956122159957886
944,1.296811580657959
958,1.3000322580337524
965,1.302667260169983
735,1.3076326847076416
745,1.3109194040298462
763,1.314260721206665
964,1.3193868398666382
884,1.3198221921920776
932,1.3215456008911133
797,1.330899953842163
804,1.3310214281082153
734,1.3319746255874634
760,1.3374335765838623
852,1.338196873664856
787,1.3405901193618774
888,1.3413056135177612
816,1.3418992757797241
949,1.3436813354492188
744,1.3447511196136475
924,1.3477329015731812
764,1.3483062982559204
839,1.3539074659347534
927,1.356340765953064
751,1.3571730852127075
947,1.3604862689971924
880,1.360501766204834
855,1.3635735511779785
951,1.364488959312439
737,1.3666807413101196
954,1.3668638467788696
892,1.36776602268219
820,1.3691322803497314
848,1.3703997135162354
718,1.3711752891540527
836,1.3722801208496094
768,1.3728386163711548
953,1.37539541721344
998,1.3821170330047607
874,1.3833333253860474
957,1.3841936588287354
961,1.385001301765442
765,1.3876502513885498
943,1.3889886140823364
971,1.3892576694488525
902,1.3895219564437866
979,1.3918660879135132
846,1.3920753002166748
842,1.397039532661438
819,1.3973814249038696
731,1.3993663787841797
714,1.400693416595459
967,1.4040594100952148
930,1.4058008193969727
960,1.40596342086792
959,1.4072332382202148
963,1.4097497463226318
972,1.4123138189315796
988,1.4129900932312012
813,1.4172762632369995
908,1.4181504249572754
862,1.4206256866455078
931,1.4240672588348389
708,1.424609661102295
974,1.4256383180618286
881,1.4281491041183472
917,1.429805874824524
994,1.4307395219802856
809,1.432442307472229
885,1.4331988096237183
868,1.433288335800171
975,1.4335695505142212
767,1.435620903968811
806,1.4370193481445312
782,1.438462495803833
981,1.4443224668502808
849,1.446474552154541
826,1.4510793685913086
890,1.4525161981582642
717,1.4527949094772339
835,1.4536888599395752
985,1.457565426826477
914,1.4595425128936768
934,1.4601709842681885
780,1.4612269401550293
82,1.4613450765609741
938,1.4621471166610718
712,1.463585615158081
818,1.463886022567749
970,1.4683008193969727
901,1.4688186645507812
78,1.472303867340088
801,1.4759241342544556
992,1.4781558513641357
823,1.4846259355545044
769,1.4883710145950317
956,1.491698980331421
910,1.4954887628555298
749,1.496873378753662
702,1.4987335205078125
706,1.501675009727478
135,1.5034090280532837
513,1.5116925239562988
831,1.5122028589248657
886,1.5130224227905273
705,1.5131726264953613
750,1.513933539390564
785,1.517291784286499
828,1.5226037502288818
773,1.523375391960144
553,1.5253745317459106
833,1.5255447626113892
723,1.5275754928588867
920,1.5285533666610718
756,1.5338972806930542
913,1.534443974494934
830,1.5356193780899048
935,1.5417211055755615
701,1.5498417615890503
825,1.5504326820373535
89,1.556408405303955
556,1.5583875179290771
85,1.5653574466705322
699,1.5714523792266846
217,1.576977014541626
794,1.5776543617248535
928,1.577812910079956
727,1.5822453498840332
719,1.5832735300064087
506,1.5864461660385132
905,1.5893325805664062
684,1.5917284488677979
214,1.5950275659561157
746,1.6059601306915283
51,1.6067250967025757
692,1.6125622987747192
210,1.6249637603759766
390,1.6250653266906738
696,1.6276369094848633
550,1.6542952060699463
720,1.6544044017791748
766,1.656088948249817
695,1.6573837995529175
703,1.6580616235733032
716,1.6604855060577393
691,1.6687440872192383
707,1.6725468635559082
646,1.677693486213684
711,1.681336760520935
54,1.6878437995910645
710,1.6947046518325806
713,1.6998491287231445
386,1.7004412412643433
483,1.7029999494552612
800,1.7033538818359375
7,1.70356285572052
642,1.7067536115646362
921,1.7114893198013306
776,1.7129930257797241
122,1.713277816772461
83,1.7186863422393799
259,1.719946026802063
486,1.7211607694625854
730,1.7221239805221558
291,1.7231563329696655
61,1.7253979444503784
124,1.725569486618042
783,1.7293727397918701
298,1.7296028137207031
786,1.7303987741470337
55,1.7306814193725586
207,1.7325869798660278
9,1.7340649366378784
256,1.7366623878479004
793,1.736943006515503
86,1.738551139831543
704,1.7388263940811157
476,1.7418994903564453
465,1.745788335800171
528,1.7458890676498413
235,1.7461159229278564
779,1.7471619844436646
533,1.7476646900177002
284,1.7528321743011475
664,1.753292441368103
382,1.7559106349945068
689,1.7587600946426392
637,1.7617008686065674
263,1.7636592388153076
270,1.7653793096542358
5,1.7676914930343628
700,1.7693294286727905
53,1.7698349952697754
605,1.7709101438522339
141,1.7710793018341064
733,1.7725818157196045
403,1.7731565237045288
458,1.7738277912139893
651,1.7746492624282837
58,1.7759320735931396
221,1.7761099338531494
338,1.776176929473877
341,1.7782691717147827
601,1.778949499130249
22,1.7790948152542114
1,1.7811404466629028
693,1.7823808193206787
698,1.7824335098266602
772,1.7836047410964966
489,1.7841130495071411
231,1.7900093793869019
266,1.7903172969818115
238,1.7920876741409302
252,1.7924805879592896
153,1.7932530641555786
755,1.7962932586669922
688,1.7972772121429443
280,1.7983449697494507
509,1.8012135028839111
90,1.8021845817565918
287,1.8041081428527832
71,1.8055139780044556
310,1.805869221687317
640,1.805995225906372
657,1.8074524402618408
697,1.8083082437515259
149,1.8088414669036865
80,1.8089816570281982
273,1.8091174364089966
294,1.8095005750656128
462,1.8101907968521118
612,1.8103047609329224
522,1.810475468635559
68,1.8112541437149048
62,1.8116904497146606
64,1.8122048377990723
132,1.8129087686538696
547,1.8136062622070312
121,1.8142645359039307
496,1.815627932548523
492,1.817141056060791
127,1.8192451000213623
897,1.8193607330322266
373,1.8222135305404663
352,1.8224035501480103
647,1.8227696418762207
277,1.8229230642318726
602,1.823361873626709
46,1.8238227367401123
479,1.8244373798370361
128,1.8245257139205933
79,1.8251029253005981
608,1.8252201080322266
60,1.8255854845046997
156,1.8262921571731567
2,1.8264557123184204
131,1.8264974355697632
407,1.8273818492889404
101,1.8274588584899902
320,1.8274630308151245
525,1.8278976678848267
414,1.828080415725708
389,1.8290728330612183
145,1.83603036403656
598,1.8385556936264038
113,1.8392566442489624
677,1.8398182392120361
171,1.8398245573043823
12,1.839860200881958
623,1.8414448499679565
160,1.8419568538665771
410,1.8419747352600098
75,1.84223210811615
449,1.8426438570022583
324,1.8427573442459106
203,1.8539316654205322
327,1.8550342321395874
622,1.8578636646270752
685,1.8578673601150513
626,1.8595556020736694
345,1.8598356246948242
369,1.8601405620574951
76,1.8615728616714478
137,1.8621782064437866
686,1.8630164861679077
445,1.863025426864624
129,1.8637213706970215
393,1.8656699657440186
245,1.8661668300628662
334,1.8682096004486084
126,1.8691868782043457
502,1.870086669921875
670,1.872575283050537
629,1.8725895881652832
99,1.8726269006729126
242,1.872696876525879
355,1.8727622032165527
362,1.8730820417404175
469,1.8749760389328003
455,1.876466155052185
34,1.8774183988571167
650,1.8789170980453491
260,1.879377007484436
3,1.8799986839294434
643,1.8809797763824463
73,1.8813362121582031
40,1.8816325664520264
49,1.8822928667068481
18,1.882843017578125
110,1.884610891342163
87,1.8847966194152832
66,1.885386347770691
313,1.8865220546722412
98,1.8869026899337769
682,1.886971354484558
356,1.8870062828063965
6,1.887959599494934
661,1.8890830278396606
348,1.889238715171814
619,1.8911821842193604
288,1.8912354707717896
366,1.8922017812728882
0,1.8924342393875122
662,1.8936761617660522
104,1.8936904668807983
359,1.8937963247299194
164,1.8951160907745361
379,1.8956294059753418
300,1.8959728479385376
191,1.8976783752441406
512,1.9007892608642578
184,1.9020627737045288
397,1.9022537469863892
417,1.902598261833191
317,1.902998685836792
32,1.9038004875183105
472,1.9039301872253418
616,1.9062987565994263
24,1.9077460765838623
249,1.9079532623291016
609,1.90807044506073
19,1.9084653854370117
615,1.9085060358047485
375,1.9088953733444214
56,1.9093608856201172
72,1.9098222255706787
44,1.9098998308181763
33,1.9111965894699097
331,1.9116923809051514
306,1.9131438732147217
91,1.9132466316223145
151,1.914953351020813
69,1.9165822267532349
43,1.9181596040725708
274,1.9183863401412964
30,1.9191956520080566
139,1.921135663986206
20,1.9214894771575928
363,1.9219497442245483
134,1.923019289970398
52,1.9239206314086914
21,1.924634337425232
667,1.9306350946426392
674,1.9306676387786865
335,1.93251633644104
119,1.932721495628357
39,1.9333747625350952
451,1.9366165399551392
14,1.9368687868118286
683,1.9377360343933105
65,1.938032865524292
653,1.938292145729065
102,1.9400062561035156
84,1.9405955076217651
349,1.9413918256759644
428,1.941736102104187
37,1.9427129030227661
195,1.9440150260925293
253,1.9456483125686646
301,1.9475098848342896
188,1.9485461711883545
649,1.950886845588684
638,1.950894832611084
376,1.9521536827087402
588,1.9526877403259277
630,1.9533461332321167
635,1.954020380973816
140,1.954798698425293
641,1.956051230430603
133,1.9562777280807495
680,1.9565260410308838
438,1.9585509300231934
23,1.9587301015853882
281,1.9602549076080322
228,1.9613395929336548
225,1.9628922939300537
107,1.9646306037902832
70,1.9651390314102173
295,1.965296983718872
125,1.9660470485687256
694,1.966379165649414
97,1.966989278793335
116,1.9670307636260986
77,1.967415452003479
109,1.9674769639968872
673,1.96835196018219
81,1.968531847000122
666,1.9693379402160645
59,1.9707870483398438
106,1.970820665359497
442,1.9708524942398071
100,1.9726159572601318
112,1.9751328229904175
63,1.9764504432678223
114,1.9790527820587158
435,1.9808995723724365
8,1.9816819429397583
181,1.9822661876678467
142,1.9823294878005981
144,1.9829401969909668
307,1.9835537672042847
634,1.9852840900421143
665,1.9869695901870728
658,1.9878209829330444
27,1.9881162643432617
16,1.9901506900787354
36,1.9908361434936523
115,1.9916499853134155
204,1.9924124479293823
342,1.9928128719329834
147,1.992982268333435
675,1.9934905767440796
631,1.9939632415771484
531,1.9952315092086792
421,1.995573878288269
418,1.9956637620925903
645,1.9965888261795044
328,1.9988542795181274
314,1.9988709688186646
170,2.0007150173187256
655,2.0008013248443604
50,2.0012941360473633
400,2.0026984214782715
648,2.004257917404175
41,2.0054378509521484
652,2.0062310695648193
48,2.0081279277801514
200,2.009038209915161
192,2.0100414752960205
211,2.0107152462005615
585,2.011707305908203
687,2.0120913982391357
146,2.0138349533081055
669,2.0144429206848145
174,2.014678478240967
633,2.0158984661102295
644,2.016090154647827
26,2.0161659717559814
239,2.016218662261963
57,2.0165762901306152
678,2.016587972640991
120,2.018120288848877
218,2.0193288326263428
185,2.0198798179626465
562,2.019981861114502
383,2.0222644805908203
681,2.022721529006958
575,2.023455858230591
154,2.024742841720581
627,2.0277202129364014
578,2.0289254188537598
224,2.029867172241211
118,2.0306236743927
628,2.030971050262451
656,2.031296968460083
581,2.0314064025878906
10,2.0338358879089355
566,2.034057855606079
516,2.0391955375671387
424,2.0392746925354004
413,2.0406041145324707
28,2.0415589809417725
396,2.041811227798462
446,2.0418314933776855
167,2.0438601970672607
505,2.0438668727874756
163,2.045470714569092
668,2.0483686923980713
431,2.0484094619750977
177,2.04925274848938
15,2.049377918243408
67,2.0497469902038574
672,2.050581932067871
671,2.0514976978302
636,2.052356481552124
94,2.054946184158325
267,2.0551767349243164
624,2.055537223815918
639,2.056922674179077
540,2.057089328765869
679,2.0607664585113525
47,2.0617172718048096
594,2.0656843185424805
536,2.068385601043701
197,2.0707759857177734
592,2.070960760116577
404,2.071016550064087
659,2.0722408294677734
4,2.0724596977233887
13,2.073422431945801
17,2.0738532543182373
676,2.0743589401245117
411,2.0744385719299316
198,2.0763118267059326
416,2.0824060440063477
654,2.0832858085632324
459,2.0853497982025146
473,2.0871493816375732
246,2.087451219558716
108,2.0897653102874756
150,2.089934825897217
493,2.0913760662078857
105,2.0931828022003174
632,2.095339059829712
158,2.095766544342041
111,2.096869707107544
439,2.0999066829681396
123,2.103853940963745
499,2.1058552265167236
625,2.106182336807251
138,2.107663631439209
660,2.1081905364990234
620,2.1088271141052246
178,2.110351324081421
452,2.1137750148773193
25,2.118816375732422
480,2.1229233741760254
232,2.125920057296753
441,2.1305744647979736
74,2.141072988510132
663,2.1418120861053467
420,2.1500046253204346
130,2.150576591491699
518,2.15081524848938
161,2.154872179031372
45,2.1574580669403076
117,2.157625675201416
621,2.1581830978393555
42,2.160639524459839
29,2.1623518466949463
143,2.1635303497314453
11,2.165540933609009
370,2.167081356048584
95,2.167288064956665
466,2.168184995651245
321,2.169678211212158
690,2.174086332321167
617,2.175222635269165
35,2.181058883666992
202,2.1826930046081543
136,2.186302661895752
38,2.1885557174682617
454,2.188689708709717
103,2.188908576965332
471,2.189171075820923
199,2.2041139602661133
613,2.2092816829681396
213,2.2104146480560303
216,2.210646152496338
464,2.2116751670837402
31,2.2164318561553955
457,2.21754789352417
543,2.2175490856170654
220,2.2176856994628906
206,2.228726863861084
88,2.2341148853302
157,2.2343006134033203
519,2.2381818294525146
425,2.243809223175049
311,2.247270345687866
262,2.2496120929718018
169,2.255265235900879
308,2.2554616928100586
501,2.2591984272003174
406,2.2632622718811035
155,2.2639739513397217
173,2.2736246585845947
159,2.2763476371765137
618,2.2794690132141113
402,2.282280445098877
168,2.2846744060516357
434,2.28641414642334
162,2.2868595123291016
166,2.2915446758270264
811,2.292635202407837
478,2.2928967475891113
485,2.294924259185791
437,2.296353816986084
482,2.2982563972473145
251,2.3007705211639404
430,2.300865650177002
152,2.3049874305725098
399,2.3052003383636475
498,2.3074331283569336
409,2.3108773231506348
808,2.3141865730285645
296,2.3165228366851807
427,2.322591781616211
461,2.326904773712158
194,2.328188896179199
187,2.329488754272461
432,2.3375344276428223
611,2.3404862880706787
230,2.3425936698913574
272,2.3436031341552734
209,2.344839334487915
521,2.345360279083252
165,2.3481523990631104
822,2.351106882095337
381,2.352346897125244
292,2.353525161743164
358,2.358529567718506
572,2.359315872192383
372,2.3595404624938965
491,2.359555244445801
365,2.362809658050537
385,2.3654656410217285
568,2.3662452697753906
532,2.366422653198242
552,2.3675198554992676
398,2.3737258911132812
234,2.377194404602051
333,2.378754138946533
269,2.3788702487945557
508,2.3794057369232178
190,2.3795299530029297
323,2.384481191635132
475,2.384939193725586
488,2.3853728771209717
555,2.385502815246582
196,2.3866171836853027
847,2.387007713317871
305,2.3917839527130127
354,2.3943943977355957
258,2.3956661224365234
368,2.396005392074585
561,2.3963887691497803
237,2.3968074321746826
448,2.399299383163452
336,2.399972677230835
580,2.400939464569092
384,2.401017904281616
517,2.4020419120788574
614,2.404097080230713
180,2.4053332805633545
286,2.40621018409729
347,2.4070687294006348
299,2.4076321125030518
340,2.4087002277374268
357,2.411057710647583
565,2.4114644527435303
863,2.4116439819335938
549,2.4117283821105957
468,2.413501024246216
587,2.4137251377105713
330,2.4149417877197266
326,2.415168285369873
276,2.4161951541900635
577,2.417116165161133
332,2.417506694793701
176,2.418677806854248
444,2.422309160232544
574,2.4227371215820312
361,2.4231374263763428
344,2.423434019088745
495,2.4239001274108887
183,2.4245660305023193
255,2.4269256591796875
329,2.4277894496917725
319,2.4285168647766113
567,2.4295835494995117
350,2.4303884506225586
339,2.4320638179779053
559,2.433852195739746
316,2.4339940547943115
312,2.434856414794922
303,2.435096263885498
504,2.435096263885498
500,2.4356086254119873
597,2.4373159408569336
346,2.4376142024993896
408,2.4382078647613525
551,2.4393630027770996
474,2.4399092197418213
241,2.4428584575653076
351,2.443199634552002
554,2.4435038566589355
494,2.4449172019958496
248,2.445805549621582
377,2.445934772491455
526,2.446608304977417
353,2.4479329586029053
315,2.4481239318847656
487,2.4483847618103027
297,2.449286460876465
538,2.449406147003174
318,2.4510955810546875
571,2.451688766479492
293,2.4540536403656006
415,2.454878568649292
360,2.456252098083496
535,2.456483840942383
546,2.4581942558288574
604,2.4602956771850586
283,2.4628896713256836
584,2.4629828929901123
179,2.464024782180786
412,2.466414213180542
484,2.469151258468628
227,2.46937894821167
322,2.469902276992798
524,2.472862720489502
394,2.473625659942627
395,2.47584867477417
527,2.476353406906128
423,2.4783740043640137
309,2.4857869148254395
244,2.486739158630371
337,2.488363027572632
279,2.488456964492798
175,2.4897632598876953
343,2.491272449493408
600,2.492353916168213
229,2.495394706726074
223,2.4956488609313965
405,2.50003719329834
388,2.5007147789001465
610,2.5019452571868896
530,2.5056772232055664
520,2.5081350803375244
529,2.5099377632141113
364,2.510188579559326
542,2.5115954875946045
593,2.5119121074676514
548,2.5121641159057617
534,2.5127124786376953
460,2.5146360397338867
576,2.5162007808685303
541,2.519721746444702
392,2.522233009338379
285,2.524515151977539
304,2.5292131900787354
391,2.5313937664031982
514,2.532956600189209
497,2.534726142883301
264,2.5359256267547607
467,2.53657603263855
477,2.5389442443847656
290,2.539146900177002
570,2.5396339893341064
325,2.5405328273773193
564,2.541635751724243
401,2.542950391769409
378,2.5431594848632812
240,2.545637845993042
515,2.545748710632324
233,2.5469346046447754
374,2.54852032661438
261,2.5505611896514893
275,2.5514984130859375
236,2.5543203353881836
447,2.5566444396972656
470,2.5570666790008545
511,2.5620338916778564
226,2.5623281002044678
443,2.5640056133270264
265,2.566673517227173
523,2.5706076622009277
579,2.57146954536438
456,2.571791648864746
596,2.57317852973938
603,2.5732004642486572
387,2.578456401824951
189,2.5796284675598145
606,2.5803017616271973
302,2.582643985748291
380,2.586465835571289
503,2.589097023010254
463,2.5893301963806152
182,2.590289354324341
573,2.5924172401428223
591,2.5930564403533936
590,2.593463659286499
219,2.593975305557251
507,2.5945684909820557
599,2.606409788131714
201,2.607041358947754
433,2.6074821949005127
453,2.607680559158325
539,2.608083724975586
545,2.6082592010498047
490,2.6107168197631836
371,2.610849618911743
243,2.613327980041504
426,2.6143810749053955
367,2.6147193908691406
436,2.617126226425171
450,2.617177724838257
510,2.618809223175049
222,2.6225907802581787
215,2.6228103637695312
289,2.625317335128784
586,2.626924991607666
278,2.628084897994995
429,2.6282734870910645
254,2.6285605430603027
419,2.6296982765197754
560,2.630793809890747
247,2.632613182067871
481,2.6335794925689697
583,2.6339895725250244
558,2.634803295135498
193,2.6368184089660645
212,2.638654947280884
250,2.6390764713287354
205,2.641507148742676
440,2.644444704055786
257,2.6644175052642822
208,2.668161153793335
282,2.6695964336395264
186,2.6734113693237305
422,2.6959426403045654
172,2.7155051231384277
607,2.735508918762207
268,2.7589662075042725
271,2.761082887649536
93,2.8197054862976074
92,3.392423629760742
96,3.3962197303771973
