0,0.5074254274368286
1,1.3444952964782715
2,0.9688209891319275
3,0.4669834077358246
4,0.48806464672088623
5,1.2999963760375977
6,0.7690189480781555
7,0.5110414028167725
8,1.3087588548660278
9,0.1931668072938919
10,0.5028252601623535
11,1.3788437843322754
12,0.9729407429695129
13,0.254481703042984
14,0.9398277401924133
15,0.05537686496973038
16,0.501697838306427
17,1.36650812625885
18,0.9807919859886169
19,0.4538170099258423
20,0.9722917079925537
21,0.4908458888530731
22,0.5815326571464539
23,1.3927028179168701
24,0.4499805271625519
25,1.421759843826294
26,0.9542430639266968
27,0.2273978888988495
28,0.5568785071372986
29,1.3521299362182617
30,0.5377328395843506
31,1.3456181287765503
32,1.0139302015304565
33,0.5472050309181213
34,0.29862141609191895
35,1.3319170475006104
36,0.9690410494804382
37,0.19322599470615387
38,1.3609391450881958
39,0.9961614608764648
40,0.4977138340473175
41,0.44122231006622314
42,1.3580472469329834
43,1.0562540292739868
44,0.5036612749099731
45,1.3465509414672852
46,1.0295464992523193
47,0.2273857146501541
48,0.4537137448787689
49,1.0407119989395142
50,0.3637138307094574
51,1.235031008720398
52,0.9532132744789124
53,0.371803879737854
54,0.5046617984771729
55,1.3238235712051392
56,0.9821466207504272
57,0.4578547179698944
58,1.3697550296783447
59,0.9514465928077698
60,0.24414384365081787
61,0.4954036772251129
62,1.3237354755401611
63,0.8889436721801758
64,1.2396167516708374
65,0.9601329565048218
66,0.2678467929363251
67,0.4195092022418976
68,1.2102545499801636
69,0.9360881447792053
70,0.2347482442855835
71,1.1912132501602173
72,0.9110671281814575
73,0.24922871589660645
74,0.4304558038711548
75,1.1890835762023926
76,0.8914951086044312
77,0.33693480491638184
78,1.2093499898910522
79,0.8365544080734253
80,0.14319922029972076
81,0.16913041472434998
82,1.1642377376556396
83,0.8431304097175598
84,0.23318126797676086
85,1.1613589525222778
86,0.8248797655105591
87,0.1957855224609375
88,0.46016833186149597
89,1.1723911762237549
90,0.8253445029258728
91,0.051525846123695374
92,2.5910136699676514
93,1.0544772148132324
94,0.3022098243236542
95,0.28672435879707336
96,2.591087579727173
97,0.9167373180389404
98,0.2995118796825409
99,0.8041719794273376
100,0.7828306555747986
101,0.4960066080093384
102,0.7445037961006165
103,0.5391649007797241
104,0.249947652220726
105,1.1722389459609985
106,0.7655090093612671
107,-0.21242459118366241
108,1.1997156143188477
109,0.7316285371780396
110,0.12268731743097305
111,1.1268779039382935
112,0.6998797059059143
113,-0.11322823166847229
114,1.1638888120651245
115,0.6554752588272095
116,-0.3007766604423523
117,0.11037098616361618
118,1.1614102125167847
119,0.62093585729599
120,-0.3139456808567047
121,1.010230541229248
122,-0.07297808676958084
123,0.1595011055469513
124,1.088701844215393
125,0.6811047792434692
126,-0.12624597549438477
127,1.1302375793457031
128,0.8238134980201721
129,-0.19554156064987183
130,-0.18869496881961823
131,1.005605936050415
132,0.6934511065483093
133,-0.089500792324543
134,1.075116753578186
135,-0.002846538322046399
136,0.15197300910949707
137,1.0250741243362427
138,0.7990272641181946
139,0.1747943013906479
140,0.9516353011131287
141,0.7719065546989441
142,-0.15373966097831726
143,-0.13132746517658234
144,0.87375408411026
145,0.6913813948631287
146,-0.07666172087192535
147,0.8604591488838196
148,1.9416593313217163
149,0.14526593685150146
150,-0.1436425745487213
151,0.8283846378326416
152,0.564240038394928
153,0.13046903908252716
154,0.9038364887237549
155,0.6541004776954651
156,0.07771674543619156
157,-0.20642270147800446
158,0.7639550566673279
159,0.6889973878860474
160,0.022990571334958076
161,0.8172391057014465
162,0.6605129837989807
163,-0.10144419223070145
164,0.16489629447460175
165,0.8804551959037781
166,0.7027220726013184
167,-0.045260123908519745
168,1.0303109884262085
169,0.8256407976150513
170,0.03858010098338127
171,0.2164435237646103
172,0.8389420509338379
173,0.7566899657249451
174,-0.09520725905895233
175,1.0049357414245605
176,0.717980146408081
177,-0.09454522281885147
178,-0.0616239570081234
179,0.9915961623191833
180,0.6915558576583862
181,-0.1513952910900116
182,0.8298075199127197
183,0.6470071077346802
184,0.1768193393945694
185,-0.18492938578128815
186,0.8683913350105286
187,0.7011955380439758
188,0.19213233888149261
189,1.1186811923980713
190,0.5505897402763367
191,0.026785559952259064
192,-0.1376166045665741
193,0.9627074599266052
194,0.7299801111221313
195,0.07893484830856323
196,0.7286152839660645
197,0.1896834820508957
198,0.05085345730185509
199,0.6295561790466309
200,0.11260762065649033
201,1.0796340703964233
202,0.8125678300857544
203,-0.11615442484617233
204,-0.18081767857074738
205,1.0979927778244019
206,0.6629045009613037
207,0.19086304306983948
208,0.898857593536377
209,0.7059627771377563
210,0.24437850713729858
211,-0.10813875496387482
212,0.9036142826080322
213,0.7304924130439758
214,0.21578577160835266
215,0.9786674976348877
216,0.7110037803649902
217,0.1970830261707306
218,0.09354834258556366
219,1.129284381866455
220,0.7787083983421326
221,0.0405503511428833
222,1.0043189525604248
223,0.6836624145507812
224,-0.39846542477607727
225,0.07345043122768402
226,1.0291345119476318
227,0.7569712400436401
228,-0.20923814177513123
229,1.0252597332000732
230,0.8314155340194702
231,0.03162393718957901
232,0.03741476684808731
233,1.012729525566101
234,0.6949178576469421
235,0.1348491609096527
236,0.9890637993812561
237,0.7283679246902466
238,0.1261795312166214
239,0.17339231073856354
240,1.0449808835983276
241,0.7885839343070984
242,-0.08692695945501328
243,1.0557780265808105
244,0.6800877451896667
245,-0.12421914935112
246,0.10941129922866821
247,1.0177288055419922
248,0.7815849781036377
249,-0.0643148422241211
250,0.9883162975311279
251,0.7185068726539612
252,0.029216459020972252
253,-0.10552509129047394
254,1.114097237586975
255,0.6431928873062134
256,0.08598217368125916
257,1.032367467880249
258,0.7509382963180542
259,0.044426605105400085
260,-0.09950368106365204
261,0.978352963924408
262,0.7478049993515015
263,-0.03702492639422417
264,0.9830266237258911
265,0.6852625608444214
266,0.042075298726558685
267,-0.10326949506998062
268,0.8450775742530823
269,0.6699124574661255
270,-0.1149296909570694
271,0.8407500982284546
272,0.7801995873451233
273,-0.12352374196052551
274,-0.12420173734426498
275,1.2171529531478882
276,0.551923394203186
277,-0.07381118834018707
278,1.1299607753753662
279,0.6915922164916992
280,-0.07249864190816879
281,-0.10339517146348953
282,1.0550858974456787
283,0.7673317193984985
284,-0.12013908475637436
285,1.107375979423523
286,0.6972917914390564
287,-0.15668019652366638
288,-0.13632327318191528
289,1.0172921419143677
290,0.5519267916679382
291,-0.10743077099323273
292,0.9901812076568604
293,0.7210805416107178
294,-0.06005071848630905
295,-0.0730377659201622
296,1.0302320718765259
297,0.652649998664856
298,-0.09255892783403397
299,0.6967446208000183
300,-0.06343834102153778
301,-0.19692586362361908
302,0.9675618410110474
303,0.7518017292022705
304,0.9550023674964905
305,0.7378021478652954
306,-0.16118763387203217
307,-0.0769716203212738
308,1.0221205949783325
309,0.8445643186569214
310,-0.09206865727901459
311,0.9550498723983765
312,0.8430126309394836
313,-0.0838291272521019
314,-0.06358331441879272
315,1.0235360860824585
316,0.6696202754974365
317,-0.0824657678604126
318,1.049170732498169
319,0.7071765661239624
320,-0.09905263036489487
321,0.170603409409523
322,1.0047968626022339
323,0.718845784664154
324,-0.11444590240716934
325,1.1176286935806274
326,0.770346462726593
327,-0.07835383713245392
328,-0.010227551683783531
329,0.9194026589393616
330,0.7327057123184204
331,-0.10746905952692032
332,0.9903475046157837
333,0.6277623176574707
334,-0.11258435249328613
335,-0.11869329959154129
336,0.9234055876731873
337,0.6739041805267334
338,-0.10295668989419937
339,0.9443040490150452
340,0.7673472762107849
341,-0.07262754440307617
342,-0.04692385345697403
343,0.9207872152328491
344,0.7433358430862427
345,-0.12159382551908493
346,0.9177197217941284
347,0.77299565076828
348,-0.08432813733816147
349,-0.033726274967193604
350,0.9619492888450623
351,0.7597668170928955
352,-0.031009437516331673
353,0.9436032176017761
354,0.7855097651481628
355,-0.08060642331838608
356,-0.1883130669593811
357,1.0044243335723877
358,0.7648967504501343
359,-0.10856809467077255
360,0.9819208979606628
361,0.6347700357437134
362,-0.10557124018669128
363,-0.1699899286031723
364,0.9928856492042542
365,0.6873679161071777
366,-0.15193751454353333
367,0.9959987998008728
368,0.8214445114135742
369,-0.10166110843420029
370,0.11489985883235931
371,0.986777126789093
372,0.8199278712272644
373,-0.09211574494838715
374,0.9026244282722473
375,-0.08612057566642761
376,-0.13358047604560852
377,0.9932402968406677
378,0.6611878871917725
379,-0.13583602011203766
380,0.8541061878204346
381,0.6971173286437988
382,0.071178138256073
383,-0.22075475752353668
384,1.0176528692245483
385,0.7604027390480042
386,0.06106256693601608
387,1.0093069076538086
388,0.6685157418251038
389,0.03324098512530327
390,-0.26028531789779663
391,0.860409140586853
392,0.5558371543884277
393,0.11951003968715668
394,0.9581179022789001
395,0.5422988533973694
396,-0.012490582652390003
397,0.02068776823580265
398,1.010216474533081
399,0.7535514235496521
400,0.02661631442606449
401,1.01894211769104
402,0.8185189366340637
403,0.07125526666641235
404,-0.3079316020011902
405,0.961582362651825
406,0.7057375311851501
407,0.06723403930664062
408,0.9365503787994385
409,0.7354452013969421
410,0.07608480751514435
411,-0.2329246550798416
412,0.8605613112449646
413,0.7162848114967346
414,0.07713281363248825
415,0.9079917073249817
416,0.7901548743247986
417,0.0780726969242096
418,-0.24125221371650696
419,1.0203489065170288
420,0.6768255829811096
421,0.10562706738710403
422,1.021571159362793
423,0.6395614743232727
424,-0.1348618119955063
425,-0.005332003813236952
426,0.9780873656272888
427,0.69762122631073
428,0.011847399175167084
429,1.078729510307312
430,0.7942463755607605
431,-0.05620924383401871
432,-0.06034582108259201
433,1.0106699466705322
434,0.5949126482009888
435,0.1593741625547409
436,1.0445334911346436
437,0.6313850283622742
438,0.16040214896202087
439,-0.1799749732017517
440,0.9657260775566101
441,0.6523630619049072
442,0.1874309480190277
443,0.8422673344612122
444,0.6497953534126282
445,0.12434647977352142
446,-0.2028544545173645
447,0.941162109375
448,0.7116982936859131
449,0.15056124329566956
450,1.0393121242523193
451,0.14777003228664398
452,-0.20188257098197937
453,1.0272504091262817
454,0.6325044631958008
455,0.12922874093055725
456,1.0253833532333374
457,0.7013977766036987
458,0.12840016186237335
459,-0.20773795247077942
460,0.8780040740966797
461,0.701779305934906
462,0.10828278213739395
463,1.0434436798095703
464,0.5866817235946655
465,0.09234945476055145
466,-0.14908814430236816
467,1.0800796747207642
468,0.7566854953765869
469,0.11831530928611755
470,0.8936641216278076
471,0.7307974696159363
472,0.1513134092092514
473,-0.15206362307071686
474,0.9606494307518005
475,0.7601734399795532
476,0.13105008006095886
477,0.9492480754852295
478,0.6962558031082153
479,0.15271180868148804
480,-0.19660672545433044
481,1.0394725799560547
482,0.6276689767837524
483,0.08020466566085815
484,0.7995671033859253
485,0.7033167481422424
486,0.03639201447367668
487,0.8418179750442505
488,0.6672035455703735
489,0.07001110911369324
490,1.0256767272949219
491,0.6985634565353394
492,0.06022072583436966
493,-0.16308122873306274
494,0.836443305015564
495,0.6360043287277222
496,0.050455283373594284
497,0.9987474679946899
498,0.6632642149925232
499,-0.24195033311843872
500,0.9396984577178955
501,0.7650995850563049
502,-0.08035584539175034
503,1.0689349174499512
504,0.6262261867523193
505,-0.026935992762446404
506,0.27122002840042114
507,1.062979817390442
508,0.541542649269104
509,0.1076665148139
510,0.9482894539833069
511,0.6126399040222168
512,0.13051748275756836
513,0.5195046663284302
514,0.8311235308647156
515,0.6587792038917542
516,-0.06134700030088425
517,0.6652510762214661
518,-0.031210236251354218
519,0.2791428864002228
520,0.944555401802063
521,0.7073197364807129
522,0.11875297874212265
523,1.0574787855148315
524,0.6237241625785828
525,0.12423207610845566
526,0.8567800521850586
527,0.6553666591644287
528,0.1020636335015297
529,0.9571789503097534
530,0.5923488736152649
531,0.12263678759336472
532,0.5862966775894165
533,0.10000968724489212
534,0.9364780187606812
535,0.6645723581314087
536,-0.24147799611091614
537,1.4747464656829834
538,0.992301881313324
539,0.556000292301178
540,-0.04665689542889595
541,0.9774836301803589
542,0.6626686453819275
543,-0.15335336327552795
544,0.9621025323867798
545,1.0938743352890015
546,0.655771017074585
547,0.18828421831130981
548,0.9357936382293701
549,0.6579780578613281
550,0.1646600365638733
551,0.9393318295478821
552,0.669044554233551
553,0.17523816227912903
554,0.9065612554550171
555,0.6033700108528137
556,-0.05620638281106949
557,1.4342482089996338
558,1.077470064163208
559,0.6333093643188477
560,0.9861438274383545
561,0.6635199189186096
562,-0.09501984715461731
563,0.9333482980728149
564,0.9359807968139648
565,0.6967445015907288
566,0.028856389224529266
567,0.8948562145233154
568,-0.07641888409852982
569,0.9910023808479309
570,0.9388440251350403
571,0.6479175090789795
572,0.027564508840441704
573,0.8504676818847656
574,0.6513092517852783
575,-0.24699044227600098
576,0.923494815826416
577,0.6592189073562622
578,-0.2146226465702057
579,0.9884809255599976
580,0.7875534892082214
581,-0.4248391091823578
582,1.5025957822799683
583,0.9678091406822205
584,0.6147424578666687
585,-0.3585970997810364
586,0.9285402894020081
587,0.659943163394928
588,-0.27113279700279236
589,0.9526105523109436
590,0.8207154273986816
591,0.5252054929733276
592,-0.2347380816936493
593,0.6001396179199219
594,-0.31450560688972473
595,1.0508612394332886
596,1.0057082176208496
597,0.5622371435165405
598,0.059668779373168945
599,0.9907341599464417
600,0.6360582709312439
601,0.029812544584274292
602,-0.11572367697954178
603,1.0021111965179443
604,0.6429964303970337
605,0.06403465569019318
606,1.0796962976455688
607,0.5127910375595093
608,0.13046444952487946
609,0.21442782878875732
610,0.8509711027145386
611,0.7477534413337708
612,0.1340649425983429
613,0.8841869831085205
614,0.6362948417663574
615,0.09633421152830124
616,-0.016045279800891876
617,0.7542799711227417
618,0.6205899119377136
619,0.10912558436393738
620,0.8193678259849548
621,0.46033522486686707
622,0.06556032598018646
623,-0.07984423637390137
624,0.7970640063285828
625,0.6479498147964478
626,-0.001125570386648178
627,0.750296950340271
628,0.5096431970596313
629,0.12060626596212387
630,-0.1332310438156128
631,0.7237342596054077
632,0.6544634699821472
633,-0.13141441345214844
634,0.8524826169013977
635,0.5016158223152161
636,0.04233349859714508
637,0.22112594544887543
638,0.9016073346138
639,0.7760272026062012
640,0.005314011126756668
641,0.9181846976280212
642,0.461111456155777
643,0.1386251449584961
644,-0.16395752131938934
645,1.0562708377838135
646,0.6960561871528625
647,0.11251486092805862
648,1.0323454141616821
649,0.8281049728393555
650,0.13854867219924927
651,0.3117055296897888
652,1.1472841501235962
653,0.7622964978218079
654,-0.051129311323165894
655,1.1362073421478271
656,0.8433876037597656
657,0.31323957443237305
658,1.1800485849380493
659,0.7888645529747009
660,-0.018189065158367157
661,1.1584864854812622
662,0.8009822368621826
663,0.0022101840004324913
664,0.10806199163198471
665,1.1251733303070068
666,0.8443754315376282
667,0.10024630278348923
668,0.8625175952911377
669,0.044367268681526184
670,-0.19775527715682983
671,1.1749517917633057
672,0.7699910998344421
673,0.18217141926288605
674,1.1147878170013428
675,0.8611071705818176
676,0.29900944232940674
677,-0.10834469646215439
678,1.1265560388565063
679,0.6400720477104187
680,0.23662352561950684
681,1.1226463317871094
682,0.7201704978942871
683,0.19243112206459045
684,0.23663119971752167
685,1.177407145500183
686,0.5477698445320129
687,-0.006622028537094593
688,1.129086971282959
689,0.4438662827014923
690,0.17335999011993408
691,0.2939797639846802
692,1.190502405166626
693,0.5130714178085327
694,0.1599636673927307
695,1.0677484273910522
696,1.2260531187057495
697,-0.015722407028079033
698,0.2285633087158203
699,1.4004991054534912
700,-0.022590305656194687
701,1.0481393337249756
702,0.6204121708869934
703,0.03169042989611626
704,0.37149950861930847
705,1.0833139419555664
706,0.7216787934303284
707,0.09295229613780975
708,1.1769323348999023
709,0.40162283182144165
710,0.06748614460229874
711,0.20125803351402283
712,1.1950483322143555
713,0.16895616054534912
714,1.0705004930496216
715,1.0063151121139526
716,0.2265777289867401
717,0.3633938729763031
718,1.2715609073638916
719,1.3529002666473389
720,-0.05865194648504257
721,0.6194871664047241
722,0.47996264696121216
723,0.04085342958569527
724,0.4916594326496124
725,0.8445742130279541
726,0.495292603969574
727,0.4262617528438568
728,0.34157031774520874
729,0.14419977366924286
730,-0.059426769614219666
731,0.4234258532524109
732,0.29265162348747253
733,0.2509506642818451
734,0.23792846500873566
735,0.007242060266435146
736,0.6173981428146362
737,0.2324068695306778
738,-0.2182546854019165
739,-0.008250966668128967
740,0.5916714072227478
741,0.4474028944969177
742,-0.10451652109622955
743,0.5116674900054932
744,0.39052945375442505
745,0.47085297107696533
746,0.4261241555213928
747,0.16039630770683289
748,-0.08151596784591675
749,0.5943557024002075
750,0.206100732088089
751,0.222194641828537
752,-0.13140869140625
753,0.41698551177978516
754,-0.002506580436602235
755,0.38381779193878174
756,0.18942946195602417
757,0.06203527748584747
758,-0.18213962018489838
759,0.8380336165428162
760,0.2713320255279541
761,0.37639763951301575
762,0.039778076112270355
763,0.2295900285243988
764,0.30765730142593384
765,0.4120098054409027
766,0.3595704138278961
767,0.21730123460292816
768,0.3375077545642853
769,0.13618594408035278
770,0.5707101821899414
771,-0.19413161277770996
772,0.39662039279937744
773,0.4766264259815216
774,0.3018270432949066
775,-0.3123246133327484
776,0.5356227159500122
777,0.4408571124076843
778,-0.14976419508457184
779,0.546850323677063
780,0.582615315914154
781,0.3283669352531433
782,0.10798359662294388
783,0.6092345714569092
784,0.3332137167453766
785,0.05927600339055061
786,0.5994439125061035
787,0.23499150574207306
788,0.2668924331665039
789,-0.08688515424728394
790,0.42554768919944763
791,0.15863744914531708
792,-0.37739160656929016
793,0.2586805522441864
794,0.7438392639160156
795,0.2532843053340912
796,-0.18122455477714539
797,0.5304335355758667
798,0.021856799721717834
799,0.003308146260678768
800,0.3890827000141144
801,0.35899144411087036
802,0.3016650676727295
803,0.10033667832612991
804,0.41553840041160583
805,0.04902125895023346
806,0.37696677446365356
807,0.3873154819011688
808,1.1617207527160645
809,0.4705221652984619
810,0.24813395738601685
811,0.9717190861701965
812,0.44186100363731384
813,0.18205174803733826
814,0.4299110770225525
815,-0.0164254829287529
816,0.38071325421333313
817,0.500049889087677
818,-0.11403196305036545
819,0.3660114109516144
820,0.231747105717659
821,0.41056087613105774
822,1.0852400064468384
823,0.36631864309310913
824,0.4910753071308136
825,0.4377541244029999
826,0.30434373021125793
827,0.4220513701438904
828,0.3923642337322235
829,0.4246000349521637
830,0.3725745677947998
831,0.33209118247032166
832,0.33749422430992126
833,0.37745797634124756
834,0.30113688111305237
835,0.38777029514312744
836,0.3359079957008362
837,0.2738054394721985
838,-0.289268434047699
839,0.40129101276397705
840,-0.13893665373325348
841,0.2766379415988922
842,0.45018264651298523
843,0.2605970501899719
844,0.6290996074676514
845,0.3143274784088135
846,0.35448554158210754
847,1.05622398853302
848,0.36995071172714233
849,0.3637256920337677
850,-0.23099209368228912
851,0.024328842759132385
852,0.3399314284324646
853,0.046835143119096756
854,0.3978124260902405
855,0.4402353763580322
856,0.1670464426279068
857,-0.2795722782611847
858,0.37979960441589355
859,0.6035733222961426
860,0.1595034897327423
861,0.38191160559654236
862,0.358068585395813
863,1.2582402229309082
864,0.48781225085258484
865,0.4044325053691864
866,0.16620251536369324
867,0.4559929668903351
868,0.34543144702911377
869,0.4431273937225342
870,-0.058402158319950104
871,0.3908819854259491
872,0.14492590725421906
873,0.4800717830657959
874,0.33769118785858154
875,0.4574747681617737
876,0.2928718328475952
877,0.4392247796058655
878,-0.07004737854003906
879,0.3630741536617279
880,0.5990264415740967
881,0.38850951194763184
882,-0.08185551315546036
883,0.10404554009437561
884,0.3980429768562317
885,0.45863524079322815
886,0.24962911009788513
887,0.49965426325798035
888,-0.16296499967575073
889,0.42952850461006165
890,0.32372382283210754
891,-0.1635913848876953
892,0.032623954117298126
893,0.4668729603290558
894,0.3531574606895447
895,0.353715717792511
896,0.765080451965332
897,0.7240240573883057
898,0.4246605634689331
899,0.38642939925193787
900,0.674754798412323
901,0.2952426075935364
902,0.3241651654243469
903,0.3940507769584656
904,0.433461457490921
905,0.41368338465690613
906,0.47184082865715027
907,-0.03279947489500046
908,0.3999137878417969
909,0.3644121587276459
910,0.07066845893859863
911,-0.24057656526565552
912,-0.02904834784567356
913,0.6769953370094299
914,0.3337323069572449
915,0.49792078137397766
916,-0.5869346857070923
917,0.44751429557800293
918,0.607940673828125
919,0.1927507519721985
920,0.3527425527572632
921,0.45040035247802734
922,0.43041226267814636
923,0.47597792744636536
924,0.30779382586479187
925,-0.01853545568883419
926,0.2702820897102356
927,0.2928384244441986
928,0.6172633171081543
929,0.0801011249423027
930,0.0871286615729332
931,0.4162769317626953
932,0.3347175121307373
933,0.2665864825248718
934,0.45429155230522156
935,0.5840321779251099
936,0.31403663754463196
937,0.30811482667922974
938,0.43829917907714844
939,0.38435742259025574
940,0.31611841917037964
941,0.4947579503059387
942,0.36368218064308167
943,0.269140362739563
944,0.32143065333366394
945,0.7994812726974487
946,0.4063679575920105
947,0.5565325617790222
948,0.37362992763519287
949,0.548512876033783
950,0.4834595322608948
951,0.5680793523788452
952,0.318633109331131
953,0.7255150079727173
954,0.5147141218185425
955,0.31654784083366394
956,0.11271534860134125
957,0.6416993141174316
958,0.46096739172935486
959,0.47810763120651245
960,0.5812300443649292
961,0.4632416367530823
962,0.21295003592967987
963,0.42619746923446655
964,0.35306787490844727
965,0.4283907115459442
966,0.46748852729797363
967,0.5590264201164246
968,0.4222481846809387
969,0.29154172539711
970,0.16174742579460144
971,0.32928067445755005
972,0.4616500735282898
973,0.311882883310318
974,0.4324606657028198
975,0.44587934017181396
976,0.2184395045042038
977,0.1740349382162094
978,0.2397419512271881
979,0.4441045820713043
980,0.46194449067115784
981,0.30152368545532227
982,0.5092847347259521
983,0.2525622248649597
984,0.3067272901535034
985,0.31241199374198914
986,0.5306066274642944
987,0.3554493486881256
988,0.3412540555000305
989,0.6754977107048035
990,0.3381773829460144
991,0.19635945558547974
992,0.5384233593940735
993,0.6795752048492432
994,0.32061487436294556
995,0.6061218976974487
996,0.29104289412498474
997,-0.08946932852268219
998,0.38861045241355896
999,0.3567752242088318
